eV_,TotalSpec_NEXAFS,E_55,ZnPc_55
280,0,270.2002,0.02738728
280.02001001,0,270.30035,0.02988302
280.04002001,0,270.40021,0.029569907
280.06003002,0,270.50003,0.024997925
280.08004002,0,270.59988,0.030689966
280.10005003,0,270.70062,0.031148272
280.12006003,0,270.79944,0.025619837
280.14007004,0,270.89856,0.02515264
280.16008004,0,271,0.026896864
280.18009005,0,271.10013,0.026240885
280.20010005,0,271.2001,0.024130739
280.22011006,0,271.3002,0.025485788
280.24012006,0,271.40067,0.027355436
280.26013007,0,271.49896,0.026270442
280.28014007,0,271.60107,0.022076787
280.30015008,0,271.6998,0.024040909
280.32016008,0,271.79636,0.024695363
280.34017009,0,271.89984,0.023211008
280.36018009,0,272.00015,0.022804517
280.3801901,0,272.10123,0.026963905
280.4002001,0,272.20038,0.026077412
280.42021011,0,272.29993,0.022037013
280.44022011,0,272.40002,0.019576171
280.46023012,0,272.50006,0.023040636
280.48024012,0,272.60172,0.022041624
280.50025013,0,272.70047,0.019185139
280.52026013,0,272.79993,0.01666598
280.54027014,0,272.90027,0.020106593
280.56028014,0,272.99588,0.019723156
280.58029015,0,273.09976,0.018134212
280.60030015,0,273.20068,0.016638413
280.62031016,0,273.30334,0.019416979
280.64032016,0,273.39963,0.017611651
280.66033017,0,273.50003,0.014830698
280.68034017,0,273.60291,0.013245933
280.70035018,0,273.70016,0.016999228
280.72036018,0,273.8002,0.015731355
280.74037019,0,273.90045,0.014084657
280.76038019,0,273.99988,0.012479291
280.7803902,0,274.10062,0.015853461
280.8004002,0,274.20084,0.014064156
280.82041021,0,274.29977,0.013234787
280.84042021,0,274.40005,0.011140497
280.86043022,0,274.50073,0.013483578
280.88044022,0,274.60016,0.01158298
280.90045023,0,274.7005,0.0082004843
280.92046023,0,274.7988,0.010855548
280.94047024,0,274.90015,0.012127369
280.96048024,0,275.00003,0.0096604889
280.98049025,0,275.10217,0.0078645833
281.00050025,0,275.20029,0.0095504243
281.02051026,0,275.30069,0.0092980508
281.04052026,0,275.39957,0.007488477
281.06053027,0,275.50073,0.0058531906
281.08054027,0,275.59991,0.0091513302
281.10055028,0,275.70102,0.0083963657
281.12056028,0,275.80203,0.00557335
281.14057029,0,275.90027,0.004254194
281.16058029,0,276.00015,0.0089440038
281.1805903,0,276.09985,0.0085061984
281.2006003,0,276.20026,0.0063633448
281.22061031,0,276.30011,0.0046123867
281.24062031,0,276.39984,0.0068017477
281.26063032,0,276.50003,0.0063998341
281.28064032,0,276.60236,0.0035973191
281.30065033,0,276.70013,0.00071655132
281.32066033,0,276.80063,0.0055957083
281.34067034,0,276.90012,0.0047230818
281.36068034,0,276.99985,0.004291811
281.38069035,0,277.09998,0.0028500173
281.40070035,0,277.2005,0.0047378438
281.42071036,0,277.29999,0.0032204837
281.44072036,0,277.39975,-0.00058077776
281.46073037,0,277.49991,0.00076461775
281.48074037,0,277.59973,0.0018914421
281.50075038,0,277.70016,-0.00050869473
281.52076038,0,277.80002,-0.0020457257
281.54077039,0,277.9003,0.00080916792
281.56078039,0,277.9993,0.00088387157
281.5807904,0,278.10043,-0.00049161108
281.6008004,0,278.19974,-0.00087610929
281.62081041,0,278.29315,0.00077569723
281.64082041,0,278.40076,0.00099294155
281.66083042,0,278.50211,0.0016878647
281.68084042,0,278.5994,-0.0016251361
281.70085043,0,278.70035,0.0012587499
281.72086043,0,278.79926,-0.001593689
281.74087044,0,278.90015,-0.0014870074
281.76088044,0,278.99982,-0.0032789663
281.78089045,0,279.10089,0.0014066313
281.80090045,0,279.19974,-0.001462659
281.82091046,0,279.29965,-0.00058313296
281.84092046,0,279.40067,-0.0043035541
281.86093047,0,279.49969,-0.00029675793
281.88094047,0,279.60007,-0.0030317341
281.90095048,0,279.69714,-0.00030186644
281.92096048,0,279.79977,-0.0033187727
281.94097049,0,279.90039,-0.0016757899
281.96098049,0,280.00067,-0.0044848397
281.9809905,0,280.10077,-0.0024116144
282.0010005,0,280.19952,-0.0083187753
282.02101051,0,280.29974,-0.0030733985
282.04102051,0,280.40018,-0.0066022836
282.06103052,0,280.49359,-0.0039662598
282.08104052,0,280.5968,-0.0046891803
282.10105053,0,280.70065,-0.0011703462
282.12106053,0,280.80017,-0.0029858241
282.14107054,0,280.89935,-0.0030191289
282.16108054,0,280.99997,-0.00560357
282.18109055,0,281.0994,-0.004075197
282.20110055,0,281.20032,-0.0029057465
282.22111056,0.009384254,281.2995,-0.003158319
282.24112056,0.029447533,281.40091,-0.000804557
282.26113057,0.057236873,281.50043,-0.0018850067
282.28114057,0.1086657,281.59976,0.0017637957
282.30115058,0.20448385,281.7001,-0.0022658892
282.32116058,0.38289094,281.80078,0.0021887308
282.34117059,0.71144509,281.90005,0.0022225331
282.36118059,1.3041774,281.99933,0.0056369081
282.3811906,2.3713374,282.10004,0.0015246909
282.4012006,4.2709846,282.20041,0.0099634174
282.42121061,7.6319895,282.29984,0.0090864124
282.44122061,13.507126,282.40051,0.012217696
282.46123062,23.695251,282.49939,0.007172015
282.48124062,41.200222,282.60086,0.012001082
282.50125063,71.006439,282.69995,0.014678173
282.52126063,121.30112,282.79996,0.01263812
282.54127064,205.40202,282.90082,0.015628753
282.56128064,344.76019,283.00345,0.018881945
282.58129065,573.59241,283.09933,0.025123581
282.60130065,945.94385,283.20032,0.027020629
282.62131066,1546.3357,283.30157,0.038700305
282.64132066,2505.6514,283.40048,0.047380559
282.66133067,4024.5535,283.5,0.075839661
282.68134067,6407.624,283.60187,0.12013233
282.70135068,10112.548,283.69989,0.27783102
282.72136068,15820.142,283.7999,0.580091
282.74137069,24532.914,283.90018,0.96217942
282.76138069,37711.992,284.00003,1.2953708
282.7813907,57465.094,284.10013,1.4853574
282.8014007,86801.297,284.2005,1.54114
282.82141071,129971.72,284.29932,1.5146118
282.84142071,192919.25,284.40045,1.4581701
282.86143072,283863.84,284.50052,1.4319676
282.88144072,414053.38,284.60034,1.4314845
282.90145073,598713,284.70032,1.5797917
282.92146073,858225.88,284.7995,1.9889357
282.94147074,1219579.2,284.90015,2.588074
282.96148074,1718103.4,285.00146,3.1700084
282.98149075,2399523.5,285.10071,3.302978
283.00150075,3322333.5,285.19998,2.96192
283.02151076,4560479,285.30005,2.5112669
283.04152076,6206311,285.40091,2.0621262
283.06153077,8373751,285.50018,1.5286592
283.08154077,11201542,285.60019,1.2043265
283.10155078,14856460,285.69821,0.9922139
283.12156078,19536274,285.79968,0.86726719
283.14157079,25472212,285.90045,0.7892223
283.16158079,32930656,286.00009,0.73577416
283.1815908,42213756,286.10001,0.68290627
283.2016008,53658576,286.1998,0.65729088
283.22161081,67634496,286.29971,0.67025352
283.24162081,84538512,286.40005,0.7425409
283.26163082,1.0478812e+08,286.50024,0.82487041
283.28164082,1.2881176e+08,286.60141,0.96777362
283.30165083,1.570365e+08,286.70099,1.1470433
283.32166083,1.8987328e+08,286.80124,1.4583322
283.34167084,2.2769978e+08,286.90018,1.7264693
283.36168084,2.7084144e+08,287.00085,1.7902925
283.38169085,3.1955123e+08,287.10031,1.6367044
283.40170085,3.7398886e+08,287.20074,1.485047
283.42171086,4.3420064e+08,287.29984,1.3092933
283.44172086,5.0010074e+08,287.40024,1.1685663
283.46173087,5.714551e+08,287.49991,1.0850304
283.48174087,6.4786944e+08,287.59943,1.0560685
283.50175088,7.2878131e+08,287.70023,1.0426955
283.52176088,8.1345907e+08,287.79996,1.0367703
283.54177089,9.0100608e+08,287.89914,1.0312438
283.56178089,9.903721e+08,287.99951,1.048174
283.5817909,1.0803716e+09,288.09357,1.0734483
283.6018009,1.1697087e+09,288.20071,1.1187692
283.62181091,1.2570068e+09,288.30002,1.1701128
283.64182091,1.3408451e+09,288.39709,1.2472303
283.66183092,1.4197961e+09,288.49966,1.3514369
283.68184092,1.4924689e+09,288.59769,1.468249
283.70185093,1.5575485e+09,288.69977,1.5840359
283.72186093,1.6138383e+09,288.80002,1.6552756
283.74187094,1.6602977e+09,288.89896,1.6623981
283.76188094,1.6960759e+09,289.00021,1.6251092
283.78189095,1.7205414e+09,289.10013,1.5811797
283.80190095,1.7333044e+09,289.20016,1.5452795
283.82191096,1.7342333e+09,289.30035,1.5245379
283.84192096,1.7234634e+09,289.3999,1.498536
283.86193097,1.7013993e+09,289.48969,1.4848231
283.88194097,1.6687099e+09,289.59961,1.4801098
283.90195098,1.6263185e+09,289.70395,1.4837248
283.92196098,1.5753864e+09,289.79797,1.474035
283.94197099,1.5172923e+09,289.89676,1.4875884
283.96198099,1.4536102e+09,290.00128,1.5074785
283.981991,1.3860823e+09,290.10034,1.5283289
284.002001,1.3165921e+09,290.2009,1.5446268
284.02201101,1.247136e+09,290.29651,1.5881357
284.04202101,1.179796e+09,290.39996,1.6306261
284.06203102,1.1167099e+09,290.50018,1.6774217
284.08204102,1.060044e+09,290.59988,1.7193019
284.10205103,1.0119641e+09,290.70035,1.7741349
284.12206103,9.746057e+08,290.79971,1.8235884
284.14207104,9.500432e+08,290.90009,1.8874321
284.16208104,9.4025594e+08,290.99991,1.9400942
284.18209105,9.4709222e+08,291.10083,2.0224972
284.20210105,9.7222861e+08,291.19998,2.092747
284.22211106,1.0171263e+09,291.29306,2.1562171
284.24212106,1.0829828e+09,291.40036,2.2161577
284.26213107,1.1706816e+09,291.49991,2.2824614
284.28214107,1.2807397e+09,291.59998,2.3282764
284.30215108,1.4132554e+09,291.70026,2.3706243
284.32216108,1.5678595e+09,291.80145,2.3959374
284.34217109,1.743671e+09,291.90134,2.428818
284.36218109,1.9392659e+09,292.00003,2.4524164
284.3821911,2.1526551e+09,292.10068,2.4715097
284.4022011,2.3812813e+09,292.19971,2.4817352
284.42221111,2.6220362e+09,292.29959,2.5059373
284.44222111,2.871298e+09,292.39896,2.5271871
284.46223112,3.1249946e+09,292.49936,2.5426364
284.48224112,3.378689e+09,292.60074,2.560035
284.50225113,3.6276887e+09,292.69983,2.5820644
284.52226113,3.8671741e+09,292.79993,2.5978048
284.54227114,4.092342e+09,292.90036,2.6061676
284.56228114,4.2985605e+09,292.99857,2.6083338
284.58229115,4.4815252e+09,293.09991,2.6143603
284.60230115,4.6374164e+09,293.20023,2.6109955
284.62231116,4.7630346e+09,293.30054,2.6033804
284.64232116,4.8559299e+09,293.4003,2.5893161
284.66233117,4.9144934e+09,293.49954,2.5860665
284.68234117,4.9380255e+09,293.60031,2.5788674
284.70235118,4.926761e+09,293.69998,2.5704017
284.72236118,4.8818621e+09,293.80029,2.5623181
284.74237119,4.8053688e+09,293.90021,2.561579
284.76238119,4.7001134e+09,293.99985,2.5597112
284.7823912,4.569601e+09,294.09976,2.5545371
284.8024012,4.4178668e+09,294.20047,2.5568104
284.82241121,4.2493074e+09,294.29993,2.557188
284.84242121,4.0685074e+09,294.39981,2.5536606
284.86243122,3.8800545e+09,294.49957,2.5450704
284.88244122,3.6883727e+09,294.60034,2.542608
284.90245123,3.4975585e+09,294.70007,2.5349548
284.92246123,3.3112461e+09,294.80008,2.5268538
284.94247124,3.1324997e+09,294.90015,2.5115449
284.96248124,2.9637366e+09,295.00073,2.5080702
284.98249125,2.8066857e+09,295.1001,2.4981768
285.00250125,2.66238e+09,295.20032,2.4864187
285.02251126,2.5311836e+09,295.29996,2.4694755
285.04252126,2.4128479e+09,295.39944,2.4596231
285.06253127,2.3065912e+09,295.50116,2.4467149
285.08254127,2.2112008e+09,295.59982,2.4269207
285.10255128,2.1251423e+09,295.70047,2.4054804
285.12256128,2.0466801e+09,295.80112,2.3919029
285.14257129,1.9739917e+09,295.90131,2.3749447
285.16258129,1.9052785e+09,295.99945,2.3588006
285.1825913,1.8388616e+09,296.09973,2.3362207
285.2026013,1.773264e+09,296.2002,2.3273489
285.22261131,1.7072707e+09,296.30066,2.3146772
285.24262131,1.6399708e+09,296.40039,2.3008313
285.26263132,1.5707768e+09,296.50037,2.2879343
285.28264132,1.4994263e+09,296.60046,2.2796848
285.30265133,1.4259654e+09,296.69998,2.2720835
285.32266133,1.3507167e+09,296.79941,2.2597466
285.34267134,1.2742367e+09,296.90421,2.252593
285.36268134,1.1972658e+09,296.99979,2.2488379
285.38269135,1.1206733e+09,297.10007,2.2437327
285.40270135,1.0454025e+09,297.1998,2.2375293
285.42271136,9.7241702e+08,297.29929,2.2349141
285.44272136,9.0265408e+08,297.39951,2.2346392
285.46273137,8.3698221e+08,297.50052,2.2335994
285.48274137,7.761696e+08,297.60059,2.2288713
285.50275138,7.2086061e+08,297.69775,2.2330642
285.52276138,6.7156154e+08,297.80026,2.2314479
285.54277139,6.2863654e+08,297.90015,2.231648
285.56278139,5.9231149e+08,297.99991,2.229183
285.5827914,5.6268602e+08,298.09949,2.2337155
285.6028014,5.397513e+08,298.20047,2.2353015
285.62281141,5.2341382e+08,298.30066,2.2336547
285.64282141,5.1352141e+08,298.39972,2.2373011
285.66283142,5.0989152e+08,298.49985,2.237627
285.68284142,5.1233875e+08,298.59915,2.2429981
285.70285143,5.2070106e+08,298.70129,2.2395396
285.72286143,5.3486166e+08,298.79984,2.2429569
285.74287144,5.5476576e+08,298.90082,2.2450817
285.76288144,5.8043091e+08,298.99966,2.2455695
285.78289145,6.1194899e+08,299.09967,2.2440257
285.80290145,6.4948038e+08,299.19928,2.2466922
285.82291146,6.9323891e+08,299.29996,2.2474101
285.84292146,7.4346816e+08,299.40161,2.2461212
285.86293147,8.0041075e+08,299.50024,2.240294
285.88294147,8.6427066e+08,299.60004,2.2437191
285.90295148,9.3517203e+08,299.69937,2.2396183
285.92296148,1.0131155e+09,299.80072,2.239666
285.94297149,1.0979363e+09,299.90021,2.2315588
285.96298149,1.1892664e+09,300.00061,2.2318106
285.9829915,1.2865041e+09,300.09995,2.2281635
286.0030015,1.3887939e+09,300.20078,2.2248709
286.02301151,1.4950193e+09,300.30045,2.2163744
286.04302151,1.6038108e+09,300.40103,2.2168121
286.06303152,1.7135683e+09,300.50055,2.2130466
286.08304152,1.8225001e+09,300.59952,2.2079349
286.10305153,1.9286774e+09,300.69928,2.2005875
286.12306153,2.030098e+09,300.80014,2.198734
286.14307154,2.1247634e+09,300.90137,2.1970022
286.16308154,2.2107571e+09,301.00058,2.1940243
286.18309155,2.286326e+09,301.09998,2.1867688
286.20310155,2.3499569e+09,301.20096,2.1873364
286.22311156,2.4004434e+09,301.30109,2.1838355
286.24312156,2.4369408e+09,301.39993,2.1802852
286.26313157,2.4590029e+09,301.50009,2.1747303
286.28314157,2.4666012e+09,301.60025,2.1759918
286.30315158,2.4601216e+09,301.70053,2.1742401
286.32316158,2.4403446e+09,301.79999,2.1719785
286.34317159,2.4084004e+09,301.90381,2.1690097
286.36318159,2.3657155e+09,302.00015,2.1692314
286.3831916,2.3139405e+09,302.10025,2.1694674
286.4032016,2.2548736e+09,302.19855,2.1663477
286.42321161,2.1903785e+09,302.29141,2.1646743
286.44322161,2.1223041e+09,302.39987,2.1656582
286.46323162,2.052412e+09,302.49689,2.1643887
286.48324162,1.9823099e+09,302.60022,2.1626434
286.50325163,1.9133997e+09,302.70096,2.1588337
286.52326163,1.8468421e+09,302.79922,2.158576
286.54327164,1.783532e+09,302.90024,2.1572568
286.56328164,1.7240938e+09,303.00159,2.1528258
286.58329165,1.6688878e+09,303.09949,2.1520436
286.60330165,1.618031e+09,303.20084,2.1486666
286.62331166,1.5714276e+09,303.30029,2.1457846
286.64332166,1.5288058e+09,303.39999,2.1397705
286.66333167,1.4897603e+09,303.49692,2.1370528
286.68334167,1.4537947e+09,303.59998,2.1353979
286.70335168,1.4203648e+09,303.70029,2.1279624
286.72336168,1.3889162e+09,303.80066,2.1188607
286.74337169,1.3589196e+09,303.89957,2.1168699
286.76338169,1.329897e+09,303.99673,2.1105249
286.7833917,1.3014432e+09,304.09967,2.1050375
286.8034017,1.2732401e+09,304.20081,2.0908422
286.82341171,1.2450627e+09,304.30048,2.0857196
286.84342171,1.2167804e+09,304.40018,2.0783741
286.86343172,1.1883526e+09,304.49945,2.0693562
286.88344172,1.1598202e+09,304.60019,2.0566111
286.90345173,1.1312929e+09,304.70349,2.0475013
286.92346173,1.1029367e+09,304.80011,2.0401103
286.94347174,1.0749571e+09,304.89948,2.0289924
286.96348174,1.0475856e+09,305.00037,2.0163102
286.98349175,1.0210641e+09,305.10059,2.0074129
287.00350175,9.9563277e+08,305.19983,1.9963655
287.02351176,9.7151763e+08,305.3009,1.9840268
287.04352176,9.4892186e+08,305.401,1.9685646
287.06353177,9.2801837e+08,305.49707,1.9587048
287.08354177,9.089447e+08,305.60019,1.9469167
287.10355178,8.918e+08,305.69662,1.9299679
287.12356178,8.766441e+08,305.80008,1.9213809
287.14357179,8.6349843e+08,305.90817,1.9061607
287.16358179,8.5234739e+08,306.00043,1.8945615
287.1835918,8.4314214e+08,306.0994,1.877766
287.2036018,8.3580403e+08,306.20096,1.8693016
287.22361181,8.3022982e+08,306.2998,1.8550116
287.24362181,8.2629568e+08,306.40073,1.8401178
287.26363182,8.2386227e+08,306.50018,1.8255225
287.28364182,8.2277971e+08,306.59991,1.8152452
287.30365183,8.2289152e+08,306.6998,1.8029699
287.32366183,8.2403878e+08,306.79413,1.7912997
287.34367184,8.2606355e+08,306.90009,1.7745115
287.36368184,8.288119e+08,307.00034,1.7638141
287.38369185,8.3213613e+08,307.09979,1.7515266
287.40370185,8.358967e+08,307.20126,1.7384217
287.42371186,8.3996371e+08,307.30026,1.7260292
287.44372186,8.4421773e+08,307.40002,1.7160941
287.46373187,8.4855046e+08,307.49585,1.7040367
287.48374187,8.5286445e+08,307.59998,1.6880509
287.50375188,8.5707392e+08,307.69812,1.6807886
287.52376188,8.6110387e+08,307.80344,1.6679976
287.54377189,8.6488973e+08,307.90005,1.6573883
287.56378189,8.6837709e+08,308.00003,1.6422079
287.5837919,8.7152115e+08,308.10004,1.6347016
287.6038019,8.7428595e+08,308.19998,1.6253568
287.62381191,8.766439e+08,308.3006,1.6127443
287.64382191,8.7857549e+08,308.40042,1.5983541
287.66383192,8.8006842e+08,308.49887,1.5931919
287.68384192,8.8111731e+08,308.60071,1.5814898
287.70385193,8.8172333e+08,308.70038,1.5691525
287.72386193,8.8189376e+08,308.80106,1.5618104
287.74387194,8.8164173e+08,308.90033,1.5512733
287.76388194,8.8098547e+08,309.00049,1.5406026
287.78389195,8.7994867e+08,309.10043,1.5276841
287.80390195,8.7855942e+08,309.20001,1.5219564
287.82391196,8.768505e+08,309.30054,1.5118607
287.84392196,8.7485837e+08,309.3999,1.5019684
287.86393197,8.7262362e+08,309.49994,1.4888381
287.88394197,8.7018982e+08,309.60004,1.4841924
287.90395198,8.676032e+08,309.70032,1.475616
287.92396198,8.6491283e+08,309.80093,1.4657764
287.94397199,8.6216934e+08,309.90073,1.4550785
287.96398199,8.5942502e+08,310.00006,1.4499242
287.983992,8.5673293e+08,310.0993,1.4425675
288.004002,8.5414669e+08,310.20227,1.4335368
288.02401201,8.5171974e+08,310.30011,1.4211261
288.04402201,8.4950502e+08,310.40027,1.4180315
288.06403202,8.4755424e+08,310.50064,1.410289
288.08404202,8.459177e+08,310.59778,1.4029226
288.10405203,8.4464358e+08,310.70035,1.3919665
288.12406203,8.4377773e+08,310.80035,1.3874444
288.14407204,8.4336301e+08,310.89951,1.3813187
288.16408204,8.434393e+08,311.00034,1.373989
288.18409205,8.4404301e+08,311.10016,1.3645928
288.20410205,8.4520666e+08,311.2002,1.3619796
288.22411206,8.4695923e+08,311.30197,1.3547931
288.24412206,8.4932518e+08,311.3989,1.349138
288.26413207,8.5232538e+08,311.4996,1.3414788
288.28414207,8.5597581e+08,311.60031,1.3382827
288.30415208,8.602889e+08,311.70032,1.3321934
288.32416208,8.6527245e+08,311.80096,1.326968
288.34417209,8.7093043e+08,311.90021,1.3200287
288.36418209,8.7726272e+08,311.99997,1.3186744
288.3841921,8.8426534e+08,312.09677,1.3132895
288.4042021,8.9193101e+08,312.20016,1.3058901
288.42421211,9.0024845e+08,312.29514,1.3058552
288.44422211,9.0920365e+08,312.40076,1.3005344
288.46423212,9.1877965e+08,312.49918,1.2956229
288.48424212,9.289568e+08,312.60266,1.2876954
288.50425213,9.3971277e+08,312.70081,1.2885628
288.52426213,9.5102349e+08,312.79984,1.285176
288.54427214,9.6286298e+08,312.90002,1.2805635
288.56428214,9.7520371e+08,312.99973,1.2738894
288.58429215,9.8801702e+08,313.10181,1.2742519
288.60430215,1.001273e+09,313.19778,1.2698855
288.62431216,1.0149413e+09,313.30063,1.2680789
288.64432216,1.028991e+09,313.40076,1.2605577
288.66433217,1.0433912e+09,313.49371,1.262296
288.68434217,1.0581106e+09,313.59964,1.2587298
288.70435218,1.0731184e+09,313.70038,1.2558453
288.72436218,1.0883843e+09,313.80182,1.250793
288.74437219,1.1038783e+09,313.90125,1.2505838
288.76438219,1.1195713e+09,313.99957,1.248162
288.7843922,1.1354354e+09,314.10016,1.2442653
288.8044022,1.1514432e+09,314.19943,1.2393264
288.82441221,1.167569e+09,314.30142,1.239815
288.84442221,1.1837878e+09,314.39868,1.2366171
288.86443222,1.2000763e+09,314.50067,1.2335941
288.88444222,1.2164123e+09,314.60046,1.2282541
288.90445223,1.2327754e+09,314.70007,1.2287835
288.92446223,1.2491461e+09,314.80054,1.2247732
288.94447224,1.2655068e+09,314.90073,1.2221797
288.96448224,1.2818414e+09,314.99957,1.2181928
288.98449225,1.298135e+09,315.10019,1.2163264
289.00450225,1.3143745e+09,315.20013,1.2129593
289.02451226,1.3305481e+09,315.30127,1.2090101
289.04452226,1.3466451e+09,315.40073,1.2062328
289.06453227,1.3626569e+09,315.49939,1.2048017
289.08454227,1.3785755e+09,315.60056,1.2008624
289.10455228,1.3943946e+09,315.69952,1.1964376
289.12456228,1.4101092e+09,315.80014,1.193329
289.14457229,1.4257149e+09,315.90067,1.191354
289.16458229,1.4412093e+09,316.00015,1.186893
289.1845923,1.4565903e+09,316.09982,1.1815553
289.2046023,1.471857e+09,316.19736,1.1803344
289.22461231,1.4870094e+09,316.30045,1.1772923
289.24462231,1.5020483e+09,316.39999,1.1739413
289.26463232,1.516975e+09,316.5011,1.167672
289.28464232,1.5317921e+09,316.60083,1.1675992
289.30465233,1.546502e+09,316.69571,1.163264
289.32466233,1.5611081e+09,316.80032,1.15978
289.34467234,1.575614e+09,316.89969,1.1527791
289.36468234,1.5900239e+09,317.00012,1.1527805
289.38469235,1.6043418e+09,317.09912,1.1489629
289.40470235,1.6185723e+09,317.19992,1.1448553
289.42471236,1.6327203e+09,317.2998,1.1387298
289.44472236,1.6467899e+09,317.39606,1.13922
289.46473237,1.6607864e+09,317.50079,1.1357642
289.48474237,1.6747145e+09,317.60181,1.1326022
289.50475238,1.688578e+09,317.70059,1.1249683
289.52476238,1.7023822e+09,317.80011,1.1270713
289.54477239,1.7161308e+09,317.90359,1.1225277
289.56478239,1.7298278e+09,317.99652,1.120175
289.5847924,1.743477e+09,318.07037,1.1141887
289.6048024,1.7570817e+09,318.19998,1.1141177
289.62481241,1.7706449e+09,318.3009,1.1107062
289.64482241,1.7841691e+09,318.39996,1.1064966
289.66483242,1.7976567e+09,318.49997,1.1039594
289.68484242,1.8111096e+09,318.59991,1.1020737
289.70485243,1.8245292e+09,318.6998,1.0990461
289.72486243,1.8379165e+09,318.7977,1.0945973
289.74487244,1.8512722e+09,318.90033,1.0926322
289.76488244,1.8645965e+09,319.00003,1.0912933
289.78489245,1.877889e+09,319.10165,1.0873448
289.80490245,1.8911492e+09,319.20142,1.083854
289.82491246,1.9043762e+09,319.30026,1.0831492
289.84492246,1.9175686e+09,319.40039,1.0809917
289.86493247,1.9307247e+09,319.5004,1.0787182
289.88494247,1.9438424e+09,319.60089,1.0732142
289.90495248,1.9569197e+09,319.69791,1.0747763
289.92496248,1.9699535e+09,319.79999,1.0716619
289.94497249,1.9829414e+09,319.90082,1.0703548
289.96498249,1.9958802e+09,319.99988,1.0651814
289.9849925,2.008767e+09,320.09995,1.0652674
290.0050025,2.0215982e+09,320.20007,1.0638045
290.02501251,2.0343704e+09,320.30002,1.0616523
290.04502251,2.0470801e+09,320.40033,1.0561327
290.06503252,2.0597239e+09,320.50027,1.0588155
290.08504252,2.0722982e+09,320.60077,1.0562122
290.10505253,2.0847994e+09,320.70087,1.0551119
290.12506253,2.0972242e+09,320.80121,1.0497981
290.14507254,2.109569e+09,320.90057,1.051222
290.16508254,2.1218309e+09,320.99872,1.0496472
290.18509255,2.1340065e+09,321.09988,1.0477351
290.20510255,2.1460932e+09,321.19989,1.0429869
290.22511256,2.1580879e+09,321.3002,1.0450975
290.24512256,2.1699886e+09,321.40005,1.043452
290.26513257,2.1817923e+09,321.50052,1.0422887
290.28514257,2.1934976e+09,321.60278,1.0376885
290.30515258,2.2051023e+09,321.69241,1.039819
290.32516258,2.2166052e+09,321.80005,1.0373981
290.34517259,2.2280051e+09,321.89938,1.0364089
290.36518259,2.2393006e+09,322.00064,1.0325409
290.3851926,2.2504916e+09,322.09976,1.0353144
290.4052026,2.2615775e+09,322.20071,1.0337328
290.42521261,2.2725581e+09,322.29984,1.0327631
290.44522261,2.283434e+09,322.39929,1.0302083
290.46523262,2.2942052e+09,322.50095,1.0305923
290.48524262,2.3048724e+09,322.60092,1.0302867
290.50525263,2.3154371e+09,322.70035,1.0282828
290.52526263,2.3259e+09,322.80072,1.0261428
290.54527264,2.3362632e+09,322.89969,1.0275589
290.56528264,2.3465275e+09,322.99942,1.0270414
290.58529265,2.356695e+09,323.10037,1.0250862
290.60530265,2.3667681e+09,323.20111,1.0252125
290.62531266,2.3767483e+09,323.30072,1.0241179
290.64532266,2.3866383e+09,323.40039,1.0242368
290.66533267,2.3964401e+09,323.49948,1.0200002
290.68534267,2.4061563e+09,323.59915,1.02249
290.70535268,2.4157893e+09,323.69284,1.0211915
290.72536268,2.4253414e+09,323.7998,1.0213298
290.74537269,2.4348152e+09,323.89941,1.0165848
290.76538269,2.4442132e+09,324.00061,1.0191729
290.7853927,2.4535378e+09,324.10095,1.0188606
290.8054027,2.4627912e+09,324.19949,1.0185122
290.82541271,2.4719754e+09,324.30072,1.0143082
290.84542271,2.4810929e+09,324.40036,1.0165935
290.86543272,2.4901453e+09,324.49478,1.0160062
290.88544272,2.4991345e+09,324.60001,1.0158237
290.90545273,2.5080622e+09,324.69958,1.0119476
290.92546273,2.5169295e+09,324.80002,1.0146308
290.94547274,2.525738e+09,324.90045,1.0139976
290.96548274,2.5344883e+09,325.00064,1.0134424
290.98549275,2.5431813e+09,325.10013,1.0094661
291.00550275,2.5518177e+09,325.19513,1.0115544
291.02551276,2.5603973e+09,325.30014,1.0103635
291.04552276,2.5689206e+09,325.39999,1.009867
291.06553277,2.5773865e+09,325.50314,1.006689
291.08554277,2.5857951e+09,325.60104,1.0087295
291.10555278,2.594145e+09,325.70007,1.0088904
291.12556278,2.6024353e+09,325.80045,1.0067385
291.14557279,2.610665e+09,325.90109,1.0056255
291.16558279,2.6188314e+09,326.00064,1.0057393
291.1855928,2.6269332e+09,326.09909,1.005849
291.2056028,2.6349681e+09,326.19934,1.0027968
291.22561281,2.6429338e+09,326.30029,1.0022055
291.24562281,2.6508268e+09,326.39954,1.0022982
291.26563282,2.6586445e+09,326.50388,1.0016571
291.28564282,2.6663841e+09,326.60141,0.99912447
291.30565283,2.6740419e+09,326.69934,0.99922758
291.32566283,2.6816138e+09,326.79883,0.99893248
291.34567284,2.6890964e+09,326.9003,0.99785554
291.36568284,2.6964859e+09,326.99847,0.99452972
291.38569285,2.7037778e+09,327.10022,0.99557573
291.40570285,2.7109681e+09,327.20029,0.99414557
291.42571286,2.7180524e+09,327.30051,0.99443138
291.44572286,2.7250258e+09,327.40009,0.98965633
291.46573287,2.7318843e+09,327.49854,0.99112678
291.48574287,2.738623e+09,327.60007,0.99053484
291.50575288,2.7452367e+09,327.69958,0.98971522
291.52576288,2.7517215e+09,327.7966,0.98614603
291.54577289,2.7580726e+09,327.89981,0.98718411
291.56578289,2.7642852e+09,327.99982,0.98709905
291.5857929,2.7703544e+09,328.10031,0.98536122
291.6058029,2.776276e+09,328.19974,0.98082483
291.62581291,2.7820452e+09,328.29974,0.98224914
291.64582291,2.7876577e+09,328.40012,0.9805795
291.66583292,2.793109e+09,328.49939,0.97966039
291.68584292,2.7983951e+09,328.60086,0.97485667
291.70585293,2.8035118e+09,328.69815,0.97647732
291.72586293,2.8084554e+09,328.79877,0.97554159
291.74587294,2.8132219e+09,328.90033,0.97442991
291.76588294,2.8178081e+09,329.0004,0.97069198
291.78589295,2.82221e+09,329.10028,0.97144812
291.80590295,2.8264251e+09,329.20026,0.97012377
291.82591296,2.8304502e+09,329.30069,0.96648186
291.84592296,2.8342825e+09,329.39865,0.96475589
291.86593297,2.8379197e+09,329.49991,0.96381193
291.88594297,2.8413591e+09,329.59964,0.96327358
291.90595298,2.8445993e+09,329.69928,0.960109
291.92596298,2.847638e+09,329.80051,0.95840645
291.94597299,2.8504745e+09,329.89813,0.95869929
291.96598299,2.8531067e+09,330.00116,0.95732266
291.985993,2.8555341e+09,,
292.006003,2.8577562e+09,,
292.02601301,2.8597719e+09,,
292.04602301,2.8615821e+09,,
292.06603302,2.8631859e+09,,
292.08604302,2.8645844e+09,,
292.10605303,2.8657779e+09,,
292.12606303,2.8667671e+09,,
292.14607304,2.8675538e+09,,
292.16608304,2.868139e+09,,
292.18609305,2.868524e+09,,
292.20610305,2.8687112e+09,,
292.22611306,2.8687027e+09,,
292.24612306,2.8685007e+09,,
292.26613307,2.868108e+09,,
292.28614307,2.8675269e+09,,
292.30615308,2.8667607e+09,,
292.32616308,2.865812e+09,,
292.34617309,2.8646851e+09,,
292.36618309,2.8633825e+09,,
292.3861931,2.8619085e+09,,
292.4062031,2.8602665e+09,,
292.42621311,2.8584607e+09,,
292.44622311,2.8564946e+09,,
292.46623312,2.8543731e+09,,
292.48624312,2.8521001e+09,,
292.50625313,2.8496799e+09,,
292.52626313,2.8471171e+09,,
292.54627314,2.844416e+09,,
292.56628314,2.8415813e+09,,
292.58629315,2.8386176e+09,,
292.60630315,2.8355295e+09,,
292.62631316,2.832322e+09,,
292.64632316,2.8289992e+09,,
292.66633317,2.8255665e+09,,
292.68634317,2.8220278e+09,,
292.70635318,2.818389e+09,,
292.72636318,2.8146537e+09,,
292.74637319,2.8108273e+09,,
292.76638319,2.806914e+09,,
292.7863932,2.8029184e+09,,
292.8064032,2.7988454e+09,,
292.82641321,2.7946998e+09,,
292.84642321,2.7904852e+09,,
292.86643322,2.7862067e+09,,
292.88644322,2.7818683e+09,,
292.90645323,2.7774746e+09,,
292.92646323,2.7730294e+09,,
292.94647324,2.7685366e+09,,
292.96648324,2.764001e+09,,
292.98649325,2.759426e+09,,
293.00650325,2.7548155e+09,,
293.02651326,2.7501737e+09,,
293.04652326,2.7455037e+09,,
293.06653327,2.7408092e+09,,
293.08654327,2.7360937e+09,,
293.10655328,2.7313603e+09,,
293.12656328,2.7266125e+09,,
293.14657329,2.7218534e+09,,
293.16658329,2.7170862e+09,,
293.1865933,2.7123139e+09,,
293.2066033,2.7075389e+09,,
293.22661331,2.702764e+09,,
293.24662331,2.6979924e+09,,
293.26663332,2.693226e+09,,
293.28664332,2.6884675e+09,,
293.30665333,2.6837192e+09,,
293.32666333,2.6789837e+09,,
293.34667334,2.6742625e+09,,
293.36668334,2.6695578e+09,,
293.38669335,2.6648719e+09,,
293.40670335,2.6602063e+09,,
293.42671336,2.6555633e+09,,
293.44672336,2.650944e+09,,
293.46673337,2.6463508e+09,,
293.48674337,2.6417843e+09,,
293.50675338,2.6372465e+09,,
293.52676338,2.6327388e+09,,
293.54677339,2.6282624e+09,,
293.56678339,2.6238188e+09,,
293.5867934,2.6194089e+09,,
293.6068034,2.6150339e+09,,
293.62681341,2.6106952e+09,,
293.64682341,2.6063933e+09,,
293.66683342,2.6021299e+09,,
293.68684342,2.5979049e+09,,
293.70685343,2.5937201e+09,,
293.72686343,2.5895757e+09,,
293.74687344,2.585473e+09,,
293.76688344,2.5814124e+09,,
293.78689345,2.5773947e+09,,
293.80690345,2.5734205e+09,,
293.82691346,2.5694907e+09,,
293.84692346,2.5656056e+09,,
293.86693347,2.5617661e+09,,
293.88694347,2.5579725e+09,,
293.90695348,2.5542254e+09,,
293.92696348,2.5505254e+09,,
293.94697349,2.5468733e+09,,
293.96698349,2.5432689e+09,,
293.9869935,2.5397133e+09,,
294.0070035,2.5362066e+09,,
294.02701351,2.5327493e+09,,
294.04702351,2.529342e+09,,
294.06703352,2.525985e+09,,
294.08704352,2.5226785e+09,,
294.10705353,2.5194235e+09,,
294.12706353,2.5162196e+09,,
294.14707354,2.513068e+09,,
294.16708354,2.5099684e+09,,
294.18709355,2.506922e+09,,
294.20710355,2.5039286e+09,,
294.22711356,2.5009887e+09,,
294.24712356,2.4981025e+09,,
294.26713357,2.4952709e+09,,
294.28714357,2.4924938e+09,,
294.30715358,2.4897718e+09,,
294.32716358,2.4871053e+09,,
294.34717359,2.4844948e+09,,
294.36718359,2.4819405e+09,,
294.3871936,2.4794427e+09,,
294.4072036,2.4770017e+09,,
294.42721361,2.4746186e+09,,
294.44722361,2.4722934e+09,,
294.46723362,2.4700257e+09,,
294.48724362,2.4678175e+09,,
294.50725363,2.4656673e+09,,
294.52726363,2.4635773e+09,,
294.54727364,2.4615465e+09,,
294.56728364,2.4595761e+09,,
294.58729365,2.4576663e+09,,
294.60730365,2.4558172e+09,,
294.62731366,2.4540293e+09,,
294.64732366,2.4523034e+09,,
294.66733367,2.4506391e+09,,
294.68734367,2.4490373e+09,,
294.70735368,2.447498e+09,,
294.72736368,2.4460221e+09,,
294.74737369,2.444609e+09,,
294.76738369,2.4432602e+09,,
294.7873937,2.441975e+09,,
294.8074037,2.4407544e+09,,
294.82741371,2.4395981e+09,,
294.84742371,2.4385068e+09,,
294.86743372,2.4374804e+09,,
294.88744372,2.4365199e+09,,
294.90745373,2.4356247e+09,,
294.92746373,2.4347953e+09,,
294.94747374,2.4340321e+09,,
294.96748374,2.4333353e+09,,
294.98749375,2.4327045e+09,,
295.00750375,2.4321403e+09,,
295.02751376,2.4316431e+09,,
295.04752376,2.4312128e+09,,
295.06753377,2.4308495e+09,,
295.08754377,2.4305526e+09,,
295.10755378,2.4303232e+09,,
295.12756378,2.4301609e+09,,
295.14757379,2.4300657e+09,,
295.16758379,2.4300375e+09,,
295.1875938,2.4300762e+09,,
295.2076038,2.4301821e+09,,
295.22761381,2.4303547e+09,,
295.24762381,2.430594e+09,,
295.26763382,2.4309005e+09,,
295.28764382,2.431273e+09,,
295.30765383,2.431712e+09,,
295.32766383,2.4322168e+09,,
295.34767384,2.4327877e+09,,
295.36768384,2.4334239e+09,,
295.38769385,2.4341256e+09,,
295.40770385,2.434892e+09,,
295.42771386,2.435723e+09,,
295.44772386,2.436618e+09,,
295.46773387,2.4375772e+09,,
295.48774387,2.4385992e+09,,
295.50775388,2.4396844e+09,,
295.52776388,2.4408317e+09,,
295.54777389,2.4420408e+09,,
295.56778389,2.4433114e+09,,
295.5877939,2.4446423e+09,,
295.6078039,2.4460334e+09,,
295.62781391,2.4474839e+09,,
295.64782391,2.448993e+09,,
295.66783392,2.4505603e+09,,
295.68784392,2.4521846e+09,,
295.70785393,2.4538657e+09,,
295.72786393,2.4556022e+09,,
295.74787394,2.4573937e+09,,
295.76788394,2.4592394e+09,,
295.78789395,2.4611379e+09,,
295.80790395,2.4630894e+09,,
295.82791396,2.4650916e+09,,
295.84792396,2.4671447e+09,,
295.86793397,2.469247e+09,,
295.88794397,2.4713976e+09,,
295.90795398,2.4735956e+09,,
295.92796398,2.4758403e+09,,
295.94797399,2.4781299e+09,,
295.96798399,2.4804639e+09,,
295.987994,2.4828411e+09,,
296.008004,2.4852598e+09,,
296.02801401,2.4877199e+09,,
296.04802401,2.490219e+09,,
296.06803402,2.4927567e+09,,
296.08804402,2.4953318e+09,,
296.10805403,2.4979425e+09,,
296.12806403,2.500588e+09,,
296.14807404,2.5032668e+09,,
296.16808404,2.5059779e+09,,
296.18809405,2.5087196e+09,,
296.20810405,2.5114906e+09,,
296.22811406,2.5142899e+09,,
296.24812406,2.5171162e+09,,
296.26813407,2.5199675e+09,,
296.28814407,2.5228431e+09,,
296.30815408,2.5257413e+09,,
296.32816408,2.5286605e+09,,
296.34817409,2.5315999e+09,,
296.36818409,2.5345572e+09,,
296.3881941,2.5375319e+09,,
296.4082041,2.540522e+09,,
296.42821411,2.5435261e+09,,
296.44822411,2.5465431e+09,,
296.46823412,2.5495716e+09,,
296.48824412,2.552609e+09,,
296.50825413,2.5556554e+09,,
296.52826413,2.5587085e+09,,
296.54827414,2.5617669e+09,,
296.56828414,2.5648292e+09,,
296.58829415,2.567894e+09,,
296.60830415,2.5709599e+09,,
296.62831416,2.5740252e+09,,
296.64832416,2.5770885e+09,,
296.66833417,2.5801487e+09,,
296.68834417,2.5832038e+09,,
296.70835418,2.5862528e+09,,
296.72836418,2.5892943e+09,,
296.74837419,2.5923267e+09,,
296.76838419,2.5953482e+09,,
296.7883942,2.598358e+09,,
296.8084042,2.6013548e+09,,
296.82841421,2.6043364e+09,,
296.84842421,2.6073019e+09,,
296.86843422,2.61025e+09,,
296.88844422,2.6131794e+09,,
296.90845423,2.6160886e+09,,
296.92846423,2.6189765e+09,,
296.94847424,2.6218412e+09,,
296.96848424,2.624682e+09,,
296.98849425,2.6274975e+09,,
297.00850425,2.6302858e+09,,
297.02851426,2.6330468e+09,,
297.04852426,2.6357786e+09,,
297.06853427,2.6384799e+09,,
297.08854427,2.6411497e+09,,
297.10855428,2.6437868e+09,,
297.12856428,2.64639e+09,,
297.14857429,2.6489587e+09,,
297.16858429,2.6514911e+09,,
297.1885943,2.6539858e+09,,
297.2086043,2.6564429e+09,,
297.22861431,2.6588605e+09,,
297.24862431,2.6612383e+09,,
297.26863432,2.663574e+09,,
297.28864432,2.665868e+09,,
297.30865433,2.6681188e+09,,
297.32866433,2.6703255e+09,,
297.34867434,2.6724874e+09,,
297.36868434,2.674603e+09,,
297.38869435,2.6766723e+09,,
297.40870435,2.6786944e+09,,
297.42871436,2.6806676e+09,,
297.44872436,2.6825923e+09,,
297.46873437,2.6844675e+09,,
297.48874437,2.686292e+09,,
297.50875438,2.6880653e+09,,
297.52876438,2.6897869e+09,,
297.54877439,2.6914563e+09,,
297.56878439,2.6930729e+09,,
297.5887944,2.6946358e+09,,
297.6088044,2.6961449e+09,,
297.62881441,2.6975995e+09,,
297.64882441,2.6989993e+09,,
297.66883442,2.7003436e+09,,
297.68884442,2.701632e+09,,
297.70885443,2.7028644e+09,,
297.72886443,2.7040404e+09,,
297.74887444,2.7051597e+09,,
297.76888444,2.7062218e+09,,
297.78889445,2.7072266e+09,,
297.80890445,2.7081736e+09,,
297.82891446,2.7090632e+09,,
297.84892446,2.7098947e+09,,
297.86893447,2.7106683e+09,,
297.88894447,2.7113836e+09,,
297.90895448,2.7120407e+09,,
297.92896448,2.7126395e+09,,
297.94897449,2.7131802e+09,,
297.96898449,2.7136622e+09,,
297.9889945,2.7140861e+09,,
298.0090045,2.714452e+09,,
298.02901451,2.7147597e+09,,
298.04902451,2.7150093e+09,,
298.06903452,2.7152013e+09,,
298.08904452,2.7153352e+09,,
298.10905453,2.715412e+09,,
298.12906453,2.7154314e+09,,
298.14907454,2.7153938e+09,,
298.16908454,2.7152996e+09,,
298.18909455,2.7151488e+09,,
298.20910455,2.7149422e+09,,
298.22911456,2.7146793e+09,,
298.24912456,2.7143616e+09,,
298.26913457,2.7139886e+09,,
298.28914457,2.7135613e+09,,
298.30915458,2.7130796e+09,,
298.32916458,2.7125445e+09,,
298.34917459,2.711956e+09,,
298.36918459,2.7113149e+09,,
298.3891946,2.7106217e+09,,
298.4092046,2.709877e+09,,
298.42921461,2.7090813e+09,,
298.44922461,2.708235e+09,,
298.46923462,2.707339e+09,,
298.48924462,2.7063941e+09,,
298.50925463,2.7054003e+09,,
298.52926463,2.7043584e+09,,
298.54927464,2.7032696e+09,,
298.56928464,2.7021343e+09,,
298.58929465,2.7009531e+09,,
298.60930465,2.6997268e+09,,
298.62931466,2.6984561e+09,,
298.64932466,2.6971418e+09,,
298.66933467,2.6957844e+09,,
298.68934467,2.6943854e+09,,
298.70935468,2.6929449e+09,,
298.72936468,2.6914639e+09,,
298.74937469,2.6899433e+09,,
298.76938469,2.6883835e+09,,
298.7893947,2.686786e+09,,
298.8094047,2.6851512e+09,,
298.82941471,2.6834801e+09,,
298.84942471,2.6817733e+09,,
298.86943472,2.680032e+09,,
298.88944472,2.6782572e+09,,
298.90945473,2.6764493e+09,,
298.92946473,2.6746092e+09,,
298.94947474,2.672738e+09,,
298.96948474,2.6708367e+09,,
298.98949475,2.668906e+09,,
299.00950475,2.6669471e+09,,
299.02951476,2.6649605e+09,,
299.04952476,2.6629471e+09,,
299.06953477,2.6609083e+09,,
299.08954477,2.6588444e+09,,
299.10955478,2.6567567e+09,,
299.12956478,2.6546463e+09,,
299.14957479,2.6525133e+09,,
299.16958479,2.6503596e+09,,
299.1895948,2.6481853e+09,,
299.2096048,2.6459919e+09,,
299.22961481,2.6437798e+09,,
299.24962481,2.6415503e+09,,
299.26963482,2.6393042e+09,,
299.28964482,2.6370422e+09,,
299.30965483,2.6347653e+09,,
299.32966483,2.6324744e+09,,
299.34967484,2.6301706e+09,,
299.36968484,2.6278543e+09,,
299.38969485,2.6255268e+09,,
299.40970485,2.6231885e+09,,
299.42971486,2.620841e+09,,
299.44972486,2.6184845e+09,,
299.46973487,2.6161201e+09,,
299.48974487,2.6137487e+09,,
299.50975488,2.6113708e+09,,
299.52976488,2.6089876e+09,,
299.54977489,2.6065994e+09,,
299.56978489,2.6042076e+09,,
299.5897949,2.601813e+09,,
299.6098049,2.5994156e+09,,
299.62981491,2.5970171e+09,,
299.64982491,2.5946176e+09,,
299.66983492,2.5922181e+09,,
299.68984492,2.5898194e+09,,
299.70985493,2.587422e+09,,
299.72986493,2.5850271e+09,,
299.74987494,2.582635e+09,,
299.76988494,2.5802463e+09,,
299.78989495,2.5778619e+09,,
299.80990495,2.5754824e+09,,
299.82991496,2.5731085e+09,,
299.84992496,2.5707407e+09,,
299.86993497,2.5683799e+09,,
299.88994497,2.5660265e+09,,
299.90995498,2.563681e+09,,
299.92996498,2.5613443e+09,,
299.94997499,2.5590167e+09,,
299.96998499,2.5566991e+09,,
299.989995,2.5543916e+09,,
300.010005,2.5520952e+09,,
300.03001501,2.5498099e+09,,
300.05002501,2.5475366e+09,,
300.07003502,2.5452754e+09,,
300.09004502,2.5430272e+09,,
300.11005503,2.5407923e+09,,
300.13006503,2.538571e+09,,
300.15007504,2.536364e+09,,
300.17008504,2.5341716e+09,,
300.19009505,2.5319941e+09,,
300.21010505,2.5298319e+09,,
300.23011506,2.5276851e+09,,
300.25012506,2.5255549e+09,,
300.27013507,2.5234412e+09,,
300.29014507,2.5213435e+09,,
300.31015508,2.5192635e+09,,
300.33016508,2.5172004e+09,,
300.35017509,2.5151549e+09,,
300.37018509,2.5131274e+09,,
300.3901951,2.5111183e+09,,
300.4102051,2.5091274e+09,,
300.43021511,2.5071549e+09,,
300.45022511,2.5052012e+09,,
300.47023512,2.5032666e+09,,
300.49024512,2.5013509e+09,,
300.51025513,2.4994545e+09,,
300.53026513,2.497578e+09,,
300.55027514,2.4957204e+09,,
300.57028514,2.4938829e+09,,
300.59029515,2.4920653e+09,,
300.61030515,2.4902671e+09,,
300.63031516,2.488489e+09,,
300.65032516,2.4867313e+09,,
300.67033517,2.484993e+09,,
300.69034517,2.4832753e+09,,
300.71035518,2.4815775e+09,,
300.73036518,2.4798999e+09,,
300.75037519,2.4782423e+09,,
300.77038519,2.4766047e+09,,
300.7903952,2.4749875e+09,,
300.8104052,2.4733901e+09,,
300.83041521,2.4718126e+09,,
300.85042521,2.4702551e+09,,
300.87043522,2.4687176e+09,,
300.89044522,2.4671992e+09,,
300.91045523,2.4657009e+09,,
300.93046523,2.464222e+09,,
300.95047524,2.4627625e+09,,
300.97048524,2.4613217e+09,,
300.99049525,2.4599007e+09,,
301.01050525,2.4584983e+09,,
301.03051526,2.4571146e+09,,
301.05052526,2.4557494e+09,,
301.07053527,2.4544026e+09,,
301.09054527,2.4530739e+09,,
301.11055528,2.4517635e+09,,
301.13056528,2.4504704e+09,,
301.15057529,2.449195e+09,,
301.17058529,2.4479368e+09,,
301.1905953,2.4466957e+09,,
301.2106053,2.4454712e+09,,
301.23061531,2.4442634e+09,,
301.25062531,2.4430717e+09,,
301.27063532,2.4418959e+09,,
301.29064532,2.4407357e+09,,
301.31065533,2.4395909e+09,,
301.33066533,2.4384612e+09,,
301.35067534,2.4373463e+09,,
301.37068534,2.4362455e+09,,
301.39069535,2.435159e+09,,
301.41070535,2.4340864e+09,,
301.43071536,2.4330271e+09,,
301.45072536,2.4319808e+09,,
301.47073537,2.4309473e+09,,
301.49074537,2.4299261e+09,,
301.51075538,2.428917e+09,,
301.53076538,2.4279194e+09,,
301.55077539,2.4269335e+09,,
301.57078539,2.4259581e+09,,
301.5907954,2.4249933e+09,,
301.6108054,2.4240387e+09,,
301.63081541,2.4230938e+09,,
301.65082541,2.4221586e+09,,
301.67083542,2.4212321e+09,,
301.69084542,2.4203141e+09,,
301.71085543,2.4194045e+09,,
301.73086543,2.4185027e+09,,
301.75087544,2.4176082e+09,,
301.77088544,2.4167206e+09,,
301.79089545,2.4158397e+09,,
301.81090545,2.4149647e+09,,
301.83091546,2.4140959e+09,,
301.85092546,2.4132321e+09,,
301.87093547,2.4123732e+09,,
301.89094547,2.411519e+09,,
301.91095548,2.4106685e+09,,
301.93096548,2.4098222e+09,,
301.95097549,2.4089789e+09,,
301.97098549,2.4081382e+09,,
301.9909955,2.4073004e+09,,
302.0110055,2.406464e+09,,
302.03101551,2.4056294e+09,,
302.05102551,2.4047959e+09,,
302.07103552,2.4039634e+09,,
302.09104552,2.4031309e+09,,
302.11105553,2.4022984e+09,,
302.13106553,2.4014656e+09,,
302.15107554,2.4006316e+09,,
302.17108554,2.3997962e+09,,
302.19109555,2.3989591e+09,,
302.21110555,2.3981199e+09,,
302.23111556,2.3972782e+09,,
302.25112556,2.3964334e+09,,
302.27113557,2.395585e+09,,
302.29114557,2.3947331e+09,,
302.31115558,2.393877e+09,,
302.33116558,2.3930163e+09,,
302.35117559,2.3921505e+09,,
302.37118559,2.3912794e+09,,
302.3911956,2.3904026e+09,,
302.4112056,2.3895194e+09,,
302.43121561,2.38863e+09,,
302.45122561,2.3877338e+09,,
302.47123562,2.3868303e+09,,
302.49124562,2.385919e+09,,
302.51125563,2.3849994e+09,,
302.53126563,2.3840719e+09,,
302.55127564,2.3831355e+09,,
302.57128564,2.3821901e+09,,
302.59129565,2.3812352e+09,,
302.61130565,2.3802706e+09,,
302.63131566,2.3792957e+09,,
302.65132566,2.3783107e+09,,
302.67133567,2.3773146e+09,,
302.69134567,2.3763077e+09,,
302.71135568,2.3752893e+09,,
302.73136568,2.3742589e+09,,
302.75137569,2.3732168e+09,,
302.77138569,2.372162e+09,,
302.7913957,2.3710948e+09,,
302.8114057,2.3700145e+09,,
302.83141571,2.3689211e+09,,
302.85142571,2.3678141e+09,,
302.87143572,2.3666934e+09,,
302.89144572,2.3655583e+09,,
302.91145573,2.3644091e+09,,
302.93146573,2.3632456e+09,,
302.95147574,2.3620669e+09,,
302.97148574,2.360873e+09,,
302.99149575,2.3596639e+09,,
303.01150575,2.3584392e+09,,
303.03151576,2.3571983e+09,,
303.05152576,2.3559419e+09,,
303.07153577,2.3546691e+09,,
303.09154577,2.3533796e+09,,
303.11155578,2.3520735e+09,,
303.13156578,2.3507507e+09,,
303.15157579,2.3494106e+09,,
303.17158579,2.3480532e+09,,
303.1915958,2.3466783e+09,,
303.2116058,2.3452859e+09,,
303.23161581,2.3438756e+09,,
303.25162581,2.3424471e+09,,
303.27163582,2.3410007e+09,,
303.29164582,2.3395361e+09,,
303.31165583,2.3380529e+09,,
303.33166583,2.3365512e+09,,
303.35167584,2.3350308e+09,,
303.37168584,2.3334915e+09,,
303.39169585,2.3319334e+09,,
303.41170585,2.3303562e+09,,
303.43171586,2.3287596e+09,,
303.45172586,2.3271439e+09,,
303.47173587,2.3255089e+09,,
303.49174587,2.3238543e+09,,
303.51175588,2.3221801e+09,,
303.53176588,2.3204864e+09,,
303.55177589,2.3187732e+09,,
303.57178589,2.3170401e+09,,
303.5917959,2.3152868e+09,,
303.6118059,2.313514e+09,,
303.63181591,2.3117215e+09,,
303.65182591,2.309909e+09,,
303.67183592,2.3080765e+09,,
303.69184592,2.3062239e+09,,
303.71185593,2.3043512e+09,,
303.73186593,2.3024589e+09,,
303.75187594,2.300546e+09,,
303.77188594,2.2986135e+09,,
303.79189595,2.296661e+09,,
303.81190595,2.2946883e+09,,
303.83191596,2.2926958e+09,,
303.85192596,2.2906831e+09,,
303.87193597,2.2886508e+09,,
303.89194597,2.2865984e+09,,
303.91195598,2.2845261e+09,,
303.93196598,2.2824338e+09,,
303.95197599,2.280322e+09,,
303.97198599,2.2781906e+09,,
303.991996,2.2760397e+09,,
304.012006,2.2738691e+09,,
304.03201601,2.2716787e+09,,
304.05202601,2.2694692e+09,,
304.07203602,2.2672404e+09,,
304.09204602,2.2649923e+09,,
304.11205603,2.2627251e+09,,
304.13206603,2.260439e+09,,
304.15207604,2.2581338e+09,,
304.17208604,2.25581e+09,,
304.19209605,2.2534674e+09,,
304.21210605,2.2511063e+09,,
304.23211606,2.2487268e+09,,
304.25212606,2.2463291e+09,,
304.27213607,2.243913e+09,,
304.29214607,2.2414792e+09,,
304.31215608,2.2390272e+09,,
304.33216608,2.2365578e+09,,
304.35217609,2.2340708e+09,,
304.37218609,2.2315663e+09,,
304.3921961,2.2290447e+09,,
304.4122061,2.2265062e+09,,
304.43221611,2.2239506e+09,,
304.45222611,2.2213786e+09,,
304.47223612,2.2187896e+09,,
304.49224612,2.2161848e+09,,
304.51225613,2.2135636e+09,,
304.53226613,2.2109266e+09,,
304.55227614,2.2082739e+09,,
304.57228614,2.2056059e+09,,
304.59229615,2.2029222e+09,,
304.61230615,2.2002237e+09,,
304.63231616,2.1975101e+09,,
304.65232616,2.194782e+09,,
304.67233617,2.1920394e+09,,
304.69234617,2.1892828e+09,,
304.71235618,2.1865121e+09,,
304.73236618,2.1837276e+09,,
304.75237619,2.1809298e+09,,
304.77238619,2.1781187e+09,,
304.7923962,2.1752945e+09,,
304.8124062,2.1724575e+09,,
304.83241621,2.1696082e+09,,
304.85242621,2.1667464e+09,,
304.87243622,2.1638728e+09,,
304.89244622,2.1609871e+09,,
304.91245623,2.1580902e+09,,
304.93246623,2.1551821e+09,,
304.95247624,2.1522629e+09,,
304.97248624,2.1493332e+09,,
304.99249625,2.146393e+09,,
305.01250625,2.1434427e+09,,
305.03251626,2.1404823e+09,,
305.05252626,2.1375124e+09,,
305.07253627,2.1345335e+09,,
305.09254627,2.1315452e+09,,
305.11255628,2.1285482e+09,,
305.13256628,2.1255429e+09,,
305.15257629,2.1225294e+09,,
305.17258629,2.1195078e+09,,
305.1925963,2.1164788e+09,,
305.2126063,2.1134426e+09,,
305.23261631,2.1103991e+09,,
305.25262631,2.1073491e+09,,
305.27263632,2.1042925e+09,,
305.29264632,2.1012298e+09,,
305.31265633,2.0981614e+09,,
305.33266633,2.0950874e+09,,
305.35267634,2.0920081e+09,,
305.37268634,2.0889239e+09,,
305.39269635,2.0858351e+09,,
305.41270635,2.082742e+09,,
305.43271636,2.0796448e+09,,
305.45272636,2.0765437e+09,,
305.47273637,2.0734395e+09,,
305.49274637,2.070332e+09,,
305.51275638,2.0672216e+09,,
305.53276638,2.0641091e+09,,
305.55277639,2.0609939e+09,,
305.57278639,2.0578771e+09,,
305.5927964,2.0547587e+09,,
305.6128064,2.0516389e+09,,
305.63281641,2.0485181e+09,,
305.65282641,2.0453967e+09,,
305.67283642,2.0422751e+09,,
305.69284642,2.0391532e+09,,
305.71285643,2.0360315e+09,,
305.73286643,2.0329103e+09,,
305.75287644,2.0297901e+09,,
305.77288644,2.0266711e+09,,
305.79289645,2.0235533e+09,,
305.81290645,2.0204375e+09,,
305.83291646,2.0173238e+09,,
305.85292646,2.0142121e+09,,
305.87293647,2.0111034e+09,,
305.89294647,2.0079974e+09,,
305.91295648,2.0048948e+09,,
305.93296648,2.0017956e+09,,
305.95297649,1.9987005e+09,,
305.97298649,1.9956093e+09,,
305.9929965,1.9925225e+09,,
306.0130065,1.9894405e+09,,
306.03301651,1.9863636e+09,,
306.05302651,1.9832919e+09,,
306.07303652,1.9802258e+09,,
306.09304652,1.9771654e+09,,
306.11305653,1.9741114e+09,,
306.13306653,1.9710637e+09,,
306.15307654,1.9680228e+09,,
306.17308654,1.9649888e+09,,
306.19309655,1.9619621e+09,,
306.21310655,1.958943e+09,,
306.23311656,1.9559316e+09,,
306.25312656,1.9529284e+09,,
306.27313657,1.9499334e+09,,
306.29314657,1.9469473e+09,,
306.31315658,1.94397e+09,,
306.33316658,1.9410017e+09,,
306.35317659,1.9380429e+09,,
306.37318659,1.9350938e+09,,
306.3931966,1.9321548e+09,,
306.4132066,1.9292257e+09,,
306.43321661,1.9263071e+09,,
306.45322661,1.9233992e+09,,
306.47323662,1.9205024e+09,,
306.49324662,1.9176166e+09,,
306.51325663,1.9147423e+09,,
306.53326663,1.9118796e+09,,
306.55327664,1.9090289e+09,,
306.57328664,1.9061903e+09,,
306.59329665,1.9033638e+09,,
306.61330665,1.9005503e+09,,
306.63331666,1.8977495e+09,,
306.65332666,1.8949617e+09,,
306.67333667,1.892187e+09,,
306.69334667,1.8894259e+09,,
306.71335668,1.8866785e+09,,
306.73336668,1.8839451e+09,,
306.75337669,1.8812257e+09,,
306.77338669,1.8785208e+09,,
306.7933967,1.8758303e+09,,
306.8134067,1.8731546e+09,,
306.83341671,1.8704937e+09,,
306.85342671,1.8678479e+09,,
306.87343672,1.8652175e+09,,
306.89344672,1.8626025e+09,,
306.91345673,1.8600033e+09,,
306.93346673,1.8574199e+09,,
306.95347674,1.8548524e+09,,
306.97348674,1.8523014e+09,,
306.99349675,1.8497665e+09,,
307.01350675,1.8472484e+09,,
307.03351676,1.8447469e+09,,
307.05352676,1.8422621e+09,,
307.07353677,1.8397944e+09,,
307.09354677,1.8373443e+09,,
307.11355678,1.834911e+09,,
307.13356678,1.8324955e+09,,
307.15357679,1.8300977e+09,,
307.17358679,1.8277174e+09,,
307.1935968,1.825355e+09,,
307.2136068,1.8230109e+09,,
307.23361681,1.8206849e+09,,
307.25362681,1.8183772e+09,,
307.27363682,1.8160878e+09,,
307.29364682,1.8138171e+09,,
307.31365683,1.8115651e+09,,
307.33366683,1.8093317e+09,,
307.35367684,1.8071173e+09,,
307.37368684,1.804922e+09,,
307.39369685,1.8027456e+09,,
307.41370685,1.8005885e+09,,
307.43371686,1.7984508e+09,,
307.45372686,1.7963323e+09,,
307.47373687,1.7942335e+09,,
307.49374687,1.7921541e+09,,
307.51375688,1.7900945e+09,,
307.53376688,1.7880545e+09,,
307.55377689,1.7860343e+09,,
307.57378689,1.784034e+09,,
307.5937969,1.7820538e+09,,
307.6138069,1.7800934e+09,,
307.63381691,1.7781531e+09,,
307.65382691,1.7762332e+09,,
307.67383692,1.7743332e+09,,
307.69384692,1.7724534e+09,,
307.71385693,1.7705942e+09,,
307.73386693,1.7687552e+09,,
307.75387694,1.7669366e+09,,
307.77388694,1.7651382e+09,,
307.79389695,1.7633603e+09,,
307.81390695,1.7616031e+09,,
307.83391696,1.7598662e+09,,
307.85392696,1.7581499e+09,,
307.87393697,1.7564541e+09,,
307.89394697,1.7547789e+09,,
307.91395698,1.7531244e+09,,
307.93396698,1.7514903e+09,,
307.95397699,1.7498769e+09,,
307.97398699,1.7482842e+09,,
307.993997,1.7467118e+09,,
308.014007,1.7451602e+09,,
308.03401701,1.7436293e+09,,
308.05402701,1.7421188e+09,,
308.07403702,1.740629e+09,,
308.09404702,1.7391596e+09,,
308.11405703,1.737711e+09,,
308.13406703,1.7362829e+09,,
308.15407704,1.7348751e+09,,
308.17408704,1.7334877e+09,,
308.19409705,1.732121e+09,,
308.21410705,1.7307745e+09,,
308.23411706,1.7294484e+09,,
308.25412706,1.7281427e+09,,
308.27413707,1.7268573e+09,,
308.29414707,1.7255923e+09,,
308.31415708,1.7243473e+09,,
308.33416708,1.7231224e+09,,
308.35417709,1.7219176e+09,,
308.37418709,1.7207328e+09,,
308.3941971,1.719568e+09,,
308.4142071,1.7184232e+09,,
308.43421711,1.717298e+09,,
308.45422711,1.7161928e+09,,
308.47423712,1.7151073e+09,,
308.49424712,1.7140413e+09,,
308.51425713,1.7129948e+09,,
308.53426713,1.711968e+09,,
308.55427714,1.7109605e+09,,
308.57428714,1.7099722e+09,,
308.59429715,1.7090031e+09,,
308.61430715,1.7080532e+09,,
308.63431716,1.7071223e+09,,
308.65432716,1.7062104e+09,,
308.67433717,1.7053172e+09,,
308.69434717,1.7044429e+09,,
308.71435718,1.7035872e+09,,
308.73436718,1.70275e+09,,
308.75437719,1.7019313e+09,,
308.77438719,1.7011308e+09,,
308.7943972,1.7003484e+09,,
308.8144072,1.6995844e+09,,
308.83441721,1.698838e+09,,
308.85442721,1.6981098e+09,,
308.87443722,1.6973992e+09,,
308.89444722,1.6967063e+09,,
308.91445723,1.6960306e+09,,
308.93446723,1.6953725e+09,,
308.95447724,1.6947318e+09,,
308.97448724,1.6941079e+09,,
308.99449725,1.6935012e+09,,
309.01450725,1.6929111e+09,,
309.03451726,1.6923379e+09,,
309.05452726,1.6917811e+09,,
309.07453727,1.6912408e+09,,
309.09454727,1.6907169e+09,,
309.11455728,1.690209e+09,,
309.13456728,1.6897171e+09,,
309.15457729,1.6892411e+09,,
309.17458729,1.6887808e+09,,
309.1945973,1.688336e+09,,
309.2146073,1.6879066e+09,,
309.23461731,1.6874925e+09,,
309.25462731,1.6870934e+09,,
309.27463732,1.6867092e+09,,
309.29464732,1.6863401e+09,,
309.31465733,1.6859853e+09,,
309.33466733,1.6856449e+09,,
309.35467734,1.685319e+09,,
309.37468734,1.685007e+09,,
309.39469735,1.6847091e+09,,
309.41470735,1.6844251e+09,,
309.43471736,1.6841546e+09,,
309.45472736,1.6838976e+09,,
309.47473737,1.6836539e+09,,
309.49474737,1.6834234e+09,,
309.51475738,1.6832058e+09,,
309.53476738,1.6830008e+09,,
309.55477739,1.6828087e+09,,
309.57478739,1.6826289e+09,,
309.5947974,1.6824612e+09,,
309.6148074,1.6823057e+09,,
309.63481741,1.682162e+09,,
309.65482741,1.6820303e+09,,
309.67483742,1.68191e+09,,
309.69484742,1.681801e+09,,
309.71485743,1.6817032e+09,,
309.73486743,1.6816165e+09,,
309.75487744,1.6815406e+09,,
309.77488744,1.6814752e+09,,
309.79489745,1.6814203e+09,,
309.81490745,1.6813757e+09,,
309.83491746,1.6813412e+09,,
309.85492746,1.6813166e+09,,
309.87493747,1.6813016e+09,,
309.89494747,1.6812964e+09,,
309.91495748,1.6813002e+09,,
309.93496748,1.6813134e+09,,
309.95497749,1.6813356e+09,,
309.97498749,1.6813664e+09,,
309.9949975,1.6814057e+09,,
310.0150075,1.6814537e+09,,
310.03501751,1.6815098e+09,,
310.05502751,1.6815739e+09,,
310.07503752,1.6816457e+09,,
310.09504752,1.6817254e+09,,
310.11505753,1.6818125e+09,,
310.13506753,1.6819067e+09,,
310.15507754,1.6820081e+09,,
310.17508754,1.6821164e+09,,
310.19509755,1.6822313e+09,,
310.21510755,1.6823528e+09,,
310.23511756,1.6824806e+09,,
310.25512756,1.6826145e+09,,
310.27513757,1.6827543e+09,,
310.29514757,1.6829e+09,,
310.31515758,1.6830511e+09,,
310.33516758,1.6832078e+09,,
310.35517759,1.6833695e+09,,
310.37518759,1.6835363e+09,,
310.3951976,1.6837076e+09,,
310.4152076,1.6838839e+09,,
310.43521761,1.6840644e+09,,
310.45522761,1.6842493e+09,,
310.47523762,1.6844381e+09,,
310.49524762,1.6846308e+09,,
310.51525763,1.6848274e+09,,
310.53526763,1.6850272e+09,,
310.55527764,1.6852305e+09,,
310.57528764,1.6854367e+09,,
310.59529765,1.6856461e+09,,
310.61530765,1.6858582e+09,,
310.63531766,1.6860727e+09,,
310.65532766,1.6862897e+09,,
310.67533767,1.6865089e+09,,
310.69534767,1.6867301e+09,,
310.71535768,1.6869531e+09,,
310.73536768,1.6871779e+09,,
310.75537769,1.687404e+09,,
310.77538769,1.6876316e+09,,
310.7953977,1.6878601e+09,,
310.8154077,1.6880896e+09,,
310.83541771,1.68832e+09,,
310.85542771,1.6885509e+09,,
310.87543772,1.6887821e+09,,
310.89544772,1.6890138e+09,,
310.91545773,1.6892454e+09,,
310.93546773,1.6894769e+09,,
310.95547774,1.6897079e+09,,
310.97548774,1.6899388e+09,,
310.99549775,1.6901688e+09,,
311.01550775,1.6903982e+09,,
311.03551776,1.6906266e+09,,
311.05552776,1.6908536e+09,,
311.07553777,1.6910797e+09,,
311.09554777,1.6913039e+09,,
311.11555778,1.6915268e+09,,
311.13556778,1.6917477e+09,,
311.15557779,1.6919667e+09,,
311.17558779,1.6921837e+09,,
311.1955978,1.6923983e+09,,
311.2156078,1.6926106e+09,,
311.23561781,1.69282e+09,,
311.25562781,1.6930268e+09,,
311.27563782,1.6932306e+09,,
311.29564782,1.6934314e+09,,
311.31565783,1.6936289e+09,,
311.33566783,1.693823e+09,,
311.35567784,1.6940136e+09,,
311.37568784,1.6942006e+09,,
311.39569785,1.6943835e+09,,
311.41570785,1.6945626e+09,,
311.43571786,1.6947374e+09,,
311.45572786,1.6949082e+09,,
311.47573787,1.6950743e+09,,
311.49574787,1.695236e+09,,
311.51575788,1.6953928e+09,,
311.53576788,1.6955448e+09,,
311.55577789,1.6956918e+09,,
311.57578789,1.6958337e+09,,
311.5957979,1.6959703e+09,,
311.6158079,1.6961014e+09,,
311.63581791,1.6962271e+09,,
311.65582791,1.6963469e+09,,
311.67583792,1.6964609e+09,,
311.69584792,1.6965691e+09,,
311.71585793,1.696671e+09,,
311.73586793,1.6967668e+09,,
311.75587794,1.6968563e+09,,
311.77588794,1.6969394e+09,,
311.79589795,1.6970158e+09,,
311.81590795,1.6970853e+09,,
311.83591796,1.6971483e+09,,
311.85592796,1.6972041e+09,,
311.87593797,1.6972527e+09,,
311.89594797,1.6972943e+09,,
311.91595798,1.6973286e+09,,
311.93596798,1.6973554e+09,,
311.95597799,1.6973747e+09,,
311.97598799,1.6973864e+09,,
311.995998,1.6973901e+09,,
312.016008,1.697386e+09,,
312.03601801,1.6973738e+09,,
312.05602801,1.6973537e+09,,
312.07603802,1.6973253e+09,,
312.09604802,1.6972887e+09,,
312.11605803,1.6972436e+09,,
312.13606803,1.6971899e+09,,
312.15607804,1.6971277e+09,,
312.17608804,1.6970565e+09,,
312.19609805,1.6969768e+09,,
312.21610805,1.6968881e+09,,
312.23611806,1.6967904e+09,,
312.25612806,1.6966835e+09,,
312.27613807,1.6965676e+09,,
312.29614807,1.6964422e+09,,
312.31615808,1.6963075e+09,,
312.33616808,1.6961633e+09,,
312.35617809,1.6960099e+09,,
312.37618809,1.6958465e+09,,
312.3961981,1.6956735e+09,,
312.4162081,1.6954906e+09,,
312.43621811,1.6952979e+09,,
312.45622811,1.6950953e+09,,
312.47623812,1.6948826e+09,,
312.49624812,1.6946598e+09,,
312.51625813,1.6944269e+09,,
312.53626813,1.6941834e+09,,
312.55627814,1.69393e+09,,
312.57628814,1.6936659e+09,,
312.59629815,1.6933915e+09,,
312.61630815,1.6931067e+09,,
312.63631816,1.692811e+09,,
312.65632816,1.6925047e+09,,
312.67633817,1.6921876e+09,,
312.69634817,1.69186e+09,,
312.71635818,1.6915213e+09,,
312.73636818,1.6911718e+09,,
312.75637819,1.6908113e+09,,
312.77638819,1.6904397e+09,,
312.7963982,1.6900572e+09,,
312.8164082,1.6896634e+09,,
312.83641821,1.6892584e+09,,
312.85642821,1.6888421e+09,,
312.87643822,1.6884147e+09,,
312.89644822,1.6879759e+09,,
312.91645823,1.6875256e+09,,
312.93646823,1.6870642e+09,,
312.95647824,1.6865908e+09,,
312.97648824,1.6861064e+09,,
312.99649825,1.6856102e+09,,
313.01650825,1.6851025e+09,,
313.03651826,1.6845829e+09,,
313.05652826,1.6840518e+09,,
313.07653827,1.6835091e+09,,
313.09654827,1.6829545e+09,,
313.11655828,1.6823882e+09,,
313.13656828,1.68181e+09,,
313.15657829,1.6812201e+09,,
313.17658829,1.6806182e+09,,
313.1965983,1.6800046e+09,,
313.2166083,1.6793789e+09,,
313.23661831,1.6787414e+09,,
313.25662831,1.6780918e+09,,
313.27663832,1.6774303e+09,,
313.29664832,1.6767565e+09,,
313.31665833,1.676071e+09,,
313.33666833,1.6753733e+09,,
313.35667834,1.6746634e+09,,
313.37668834,1.6739418e+09,,
313.39669835,1.6732078e+09,,
313.41670835,1.6724617e+09,,
313.43671836,1.6717034e+09,,
313.45672836,1.6709332e+09,,
313.47673837,1.6701508e+09,,
313.49674837,1.669356e+09,,
313.51675838,1.6685492e+09,,
313.53676838,1.6677302e+09,,
313.55677839,1.6668991e+09,,
313.57678839,1.6660557e+09,,
313.5967984,1.6652001e+09,,
313.6168084,1.6643325e+09,,
313.63681841,1.6634524e+09,,
313.65682841,1.6625604e+09,,
313.67683842,1.6616561e+09,,
313.69684842,1.6607396e+09,,
313.71685843,1.6598109e+09,,
313.73686843,1.65887e+09,,
313.75687844,1.6579172e+09,,
313.77688844,1.6569518e+09,,
313.79689845,1.6559744e+09,,
313.81690845,1.654985e+09,,
313.83691846,1.6539834e+09,,
313.85692846,1.6529697e+09,,
313.87693847,1.6519439e+09,,
313.89694847,1.6509059e+09,,
313.91695848,1.649856e+09,,
313.93696848,1.6487939e+09,,
313.95697849,1.6477197e+09,,
313.97698849,1.6466336e+09,,
313.9969985,1.6455355e+09,,
314.0170085,1.6444253e+09,,
314.03701851,1.6433032e+09,,
314.05702851,1.6421691e+09,,
314.07703852,1.6410231e+09,,
314.09704852,1.6398652e+09,,
314.11705853,1.6386954e+09,,
314.13706853,1.637514e+09,,
314.15707854,1.6363206e+09,,
314.17708854,1.6351154e+09,,
314.19709855,1.6338984e+09,,
314.21710855,1.6326697e+09,,
314.23711856,1.6314294e+09,,
314.25712856,1.6301774e+09,,
314.27713857,1.6289137e+09,,
314.29714857,1.6276384e+09,,
314.31715858,1.6263515e+09,,
314.33716858,1.6250532e+09,,
314.35717859,1.6237432e+09,,
314.37718859,1.622422e+09,,
314.3971986,1.6210893e+09,,
314.4172086,1.6197452e+09,,
314.43721861,1.6183898e+09,,
314.45722861,1.617023e+09,,
314.47723862,1.6156451e+09,,
314.49724862,1.6142559e+09,,
314.51725863,1.6128556e+09,,
314.53726863,1.611444e+09,,
314.55727864,1.6100216e+09,,
314.57728864,1.6085879e+09,,
314.59729865,1.6071434e+09,,
314.61730865,1.6056878e+09,,
314.63731866,1.6042216e+09,,
314.65732866,1.6027443e+09,,
314.67733867,1.6012562e+09,,
314.69734867,1.5997576e+09,,
314.71735868,1.5982482e+09,,
314.73736868,1.5967281e+09,,
314.75737869,1.5951974e+09,,
314.77738869,1.5936563e+09,,
314.7973987,1.5921046e+09,,
314.8174087,1.5905427e+09,,
314.83741871,1.5889702e+09,,
314.85742871,1.5873875e+09,,
314.87743872,1.5857947e+09,,
314.89744872,1.5841915e+09,,
314.91745873,1.5825782e+09,,
314.93746873,1.5809548e+09,,
314.95747874,1.5793215e+09,,
314.97748874,1.5776783e+09,,
314.99749875,1.5760251e+09,,
315.01750875,1.5743621e+09,,
315.03751876,1.5726894e+09,,
315.05752876,1.571007e+09,,
315.07753877,1.5693149e+09,,
315.09754877,1.5676132e+09,,
315.11755878,1.5659021e+09,,
315.13756878,1.5641814e+09,,
315.15757879,1.5624516e+09,,
315.17758879,1.5607122e+09,,
315.1975988,1.5589638e+09,,
315.2176088,1.557206e+09,,
315.23761881,1.5554394e+09,,
315.25762881,1.5536636e+09,,
315.27763882,1.5518789e+09,,
315.29764882,1.5500851e+09,,
315.31765883,1.5482826e+09,,
315.33766883,1.5464714e+09,,
315.35767884,1.5446516e+09,,
315.37768884,1.5428232e+09,,
315.39769885,1.5409861e+09,,
315.41770885,1.5391406e+09,,
315.43771886,1.5372868e+09,,
315.45772886,1.5354245e+09,,
315.47773887,1.5335542e+09,,
315.49774887,1.5316755e+09,,
315.51775888,1.5297889e+09,,
315.53776888,1.5278943e+09,,
315.55777889,1.5259917e+09,,
315.57778889,1.5240813e+09,,
315.5977989,1.5221629e+09,,
315.6178089,1.5202372e+09,,
315.63781891,1.5183035e+09,,
315.65782891,1.5163625e+09,,
315.67783892,1.514414e+09,,
315.69784892,1.5124581e+09,,
315.71785893,1.5104948e+09,,
315.73786893,1.5085243e+09,,
315.75787894,1.5065468e+09,,
315.77788894,1.5045622e+09,,
315.79789895,1.5025704e+09,,
315.81790895,1.5005719e+09,,
315.83791896,1.4985665e+09,,
315.85792896,1.4965546e+09,,
315.87793897,1.4945357e+09,,
315.89794897,1.4925105e+09,,
315.91795898,1.4904787e+09,,
315.93796898,1.4884406e+09,,
315.95797899,1.4863962e+09,,
315.97798899,1.4843453e+09,,
315.997999,1.4822884e+09,,
316.018009,1.4802255e+09,,
316.03801901,1.4781565e+09,,
316.05802901,1.4760818e+09,,
316.07803902,1.4740012e+09,,
316.09804902,1.4719148e+09,,
316.11805903,1.4698228e+09,,
316.13806903,1.4677253e+09,,
316.15807904,1.4656224e+09,,
316.17808904,1.4635141e+09,,
316.19809905,1.4614003e+09,,
316.21810905,1.4592815e+09,,
316.23811906,1.4571576e+09,,
316.25812906,1.4550287e+09,,
316.27813907,1.4528947e+09,,
316.29814907,1.4507561e+09,,
316.31815908,1.4486126e+09,,
316.33816908,1.4464644e+09,,
316.35817909,1.4443116e+09,,
316.37818909,1.4421542e+09,,
316.3981991,1.4399927e+09,,
316.4182091,1.4378267e+09,,
316.43821911,1.4356566e+09,,
316.45822911,1.4334822e+09,,
316.47823912,1.4313038e+09,,
316.49824912,1.4291217e+09,,
316.51825913,1.4269353e+09,,
316.53826913,1.4247455e+09,,
316.55827914,1.4225518e+09,,
316.57828914,1.4203546e+09,,
316.59829915,1.4181539e+09,,
316.61830915,1.4159497e+09,,
316.63831916,1.4137422e+09,,
316.65832916,1.4115315e+09,,
316.67833917,1.4093176e+09,,
316.69834917,1.4071009e+09,,
316.71835918,1.404881e+09,,
316.73836918,1.4026583e+09,,
316.75837919,1.4004328e+09,,
316.77838919,1.3982047e+09,,
316.7983992,1.3959739e+09,,
316.8184092,1.3937407e+09,,
316.83841921,1.391505e+09,,
316.85842921,1.3892671e+09,,
316.87843922,1.3870268e+09,,
316.89844922,1.3847845e+09,,
316.91845923,1.3825402e+09,,
316.93846923,1.3802939e+09,,
316.95847924,1.3780457e+09,,
316.97848924,1.3757957e+09,,
316.99849925,1.3735442e+09,,
317.01850925,1.371291e+09,,
317.03851926,1.3690363e+09,,
317.05852926,1.3667802e+09,,
317.07853927,1.3645228e+09,,
317.09854927,1.3622642e+09,,
317.11855928,1.3600045e+09,,
317.13856928,1.3577437e+09,,
317.15857929,1.355482e+09,,
317.17858929,1.3532195e+09,,
317.1985993,1.3509562e+09,,
317.2186093,1.3486922e+09,,
317.23861931,1.3464276e+09,,
317.25862931,1.3441626e+09,,
317.27863932,1.3418972e+09,,
317.29864932,1.3396316e+09,,
317.31865933,1.3373655e+09,,
317.33866933,1.3350996e+09,,
317.35867934,1.3328335e+09,,
317.37868934,1.3305676e+09,,
317.39869935,1.3283017e+09,,
317.41870935,1.3260361e+09,,
317.43871936,1.3237709e+09,,
317.45872936,1.321506e+09,,
317.47873937,1.3192417e+09,,
317.49874937,1.316978e+09,,
317.51875938,1.3147151e+09,,
317.53876938,1.3124529e+09,,
317.55877939,1.3101916e+09,,
317.57878939,1.3079313e+09,,
317.5987994,1.3056721e+09,,
317.6188094,1.3034139e+09,,
317.63881941,1.301157e+09,,
317.65882941,1.2989015e+09,,
317.67883942,1.2966473e+09,,
317.69884942,1.2943948e+09,,
317.71885943,1.2921437e+09,,
317.73886943,1.2898944e+09,,
317.75887944,1.2876468e+09,,
317.77888944,1.2854011e+09,,
317.79889945,1.2831575e+09,,
317.81890945,1.2809157e+09,,
317.83891946,1.2786762e+09,,
317.85892946,1.2764389e+09,,
317.87893947,1.2742039e+09,,
317.89894947,1.2719713e+09,,
317.91895948,1.2697412e+09,,
317.93896948,1.2675136e+09,,
317.95897949,1.2652887e+09,,
317.97898949,1.2630665e+09,,
317.9989995,1.2608471e+09,,
318.0190095,1.2586308e+09,,
318.03901951,1.2564173e+09,,
318.05902951,1.254207e+09,,
318.07903952,1.2519999e+09,,
318.09904952,1.249796e+09,,
318.11905953,1.2475955e+09,,
318.13906953,1.2453984e+09,,
318.15907954,1.2432047e+09,,
318.17908954,1.2410148e+09,,
318.19909955,1.2388285e+09,,
318.21910955,1.2366459e+09,,
318.23911956,1.2344673e+09,,
318.25912956,1.2322926e+09,,
318.27913957,1.2301219e+09,,
318.29914957,1.2279552e+09,,
318.31915958,1.2257929e+09,,
318.33916958,1.2236348e+09,,
318.35917959,1.221481e+09,,
318.37918959,1.2193316e+09,,
318.3991996,1.2171869e+09,,
318.4192096,1.2150465e+09,,
318.43921961,1.2129108e+09,,
318.45922961,1.2107762e+09,,
318.47923962,1.2086415e+09,,
318.49924962,1.2065068e+09,,
318.51925963,1.2043721e+09,,
318.53926963,1.2022373e+09,,
318.55927964,1.2001027e+09,,
318.57928964,1.1979679e+09,,
318.59929965,1.1958332e+09,,
318.61930965,1.1936984e+09,,
318.63931966,1.1915639e+09,,
318.65932966,1.1894291e+09,,
318.67933967,1.1872945e+09,,
318.69934967,1.1851597e+09,,
318.71935968,1.1830252e+09,,
318.73936968,1.1808904e+09,,
318.75937969,1.1787556e+09,,
318.77938969,1.1766209e+09,,
318.7993997,1.1744863e+09,,
318.8194097,1.1723515e+09,,
318.83941971,1.1702168e+09,,
318.85942971,1.1680822e+09,,
318.87943972,1.1659474e+09,,
318.89944972,1.1638127e+09,,
318.91945973,1.1616781e+09,,
318.93946973,1.1595433e+09,,
318.95947974,1.1574086e+09,,
318.97948974,1.155274e+09,,
318.99949975,1.1531392e+09,,
319.01950975,1.1510045e+09,,
319.03951976,1.1488699e+09,,
319.05952976,1.1467352e+09,,
319.07953977,1.1446004e+09,,
319.09954977,1.1424658e+09,,
319.11955978,1.140331e+09,,
319.13956978,1.1381964e+09,,
319.15957979,1.1360617e+09,,
319.17958979,1.1339269e+09,,
319.1995998,1.1317921e+09,,
319.2196098,1.1296576e+09,,
319.23961981,1.1275228e+09,,
319.25962981,1.1253882e+09,,
319.27963982,1.1232534e+09,,
319.29964982,1.1211188e+09,,
319.31965983,1.1189839e+09,,
319.33966983,1.1168494e+09,,
319.35967984,1.1147146e+09,,
319.37968984,1.11258e+09,,
319.39969985,1.1104452e+09,,
319.41970985,1.1083105e+09,,
319.43971986,1.1061759e+09,,
319.45972986,1.1040411e+09,,
319.47973987,1.1019064e+09,,
319.49974987,1.0997718e+09,,
319.51975988,1.0976371e+09,,
319.53976988,1.0955023e+09,,
319.55977989,1.0933677e+09,,
319.57978989,1.0912329e+09,,
319.5997999,1.0890982e+09,,
319.6198099,1.0869636e+09,,
319.63981991,1.0848288e+09,,
319.65982991,1.0826941e+09,,
319.67983992,1.0805595e+09,,
319.69984992,1.0784247e+09,,
319.71985993,1.07629e+09,,
319.73986993,1.0741554e+09,,
319.75987994,1.0720207e+09,,
319.77988994,1.069886e+09,,
319.79989995,1.0677513e+09,,
319.81990995,1.0656166e+09,,
319.83991996,1.0634818e+09,,
319.85992996,1.0613471e+09,,
319.87993997,1.0592125e+09,,
319.89994997,1.0570778e+09,,
319.91995998,1.0549431e+09,,
319.93996998,1.0528084e+09,,
319.95997999,1.0506737e+09,,
319.97998999,1.0485389e+09,,
320,1.0464043e+09,,
