expEnergy1_alpha55	expEnergy2_alpha55	expEnergy3_alpha55	expEnergy4_alpha55	expEnergy5_alpha55	expSpec1_alpha55	expSpec2_alpha55	expSpec3_alpha55	expSpec4_alpha55	expSpec5_alpha55
279.90009	329.99979	279.90039	330.00116	279.90027	4727.2896	25957.596	4755.9727	25990.07	4781.5142
280.00043	279.99625	280.00067	280.00021	280.00037	4667.4043	4684.6338	4693.7749	4612.436	4599.769
280.0994	280.10019	280.10077	280.09918	280.10049	4697.4526	4692.6802	4739.6802	4788.5933	4738.3496
280.20062	280.19952	280.19952	280.19995	280.19992	4678.2246	4630.9956	4608.8843	4760.9849	4734.1987
280.29581	280.29929	280.29974	280.30017	280.30188	4657.4097	4680.7915	4725.0269	4769.9785	4766.0781
280.39935	280.39966	280.40018	280.40033	280.39969	4580.9175	4625.9482	4646.8906	4559.3057	4594.5366
280.49982	280.49979	280.49359	280.50058	280.50018	4645.6865	4663.313	4705.2573	4757.8936	4779.7993
280.60037	280.59863	280.5968	280.60056	280.6011	4659.8643	4650.4663	4689.2505	4772.5703	4776.7471
280.69861	280.69974	280.70065	280.70032	280.6998	4682.8081	4704.9155	4767.1646	4798.5869	4775.3403
280.79987	280.79984	280.80017	280.79938	280.80011	4630.4707	4682.7778	4726.9663	4621.5034	4654.2349
280.90036	280.90021	280.89935	280.9003	280.89944	4695.4019	4692.5151	4726.2285	4804.8428	4807.7622
281.00061	281.00031	280.99997	281.00021	281.00034	4673.1704	4736.4121	4669.0039	4797.8252	4822.0571
281.09973	281.10025	281.0994	281.09973	281.10046	4626.4004	4704.814	4702.8452	4781.0537	4791.5288
281.20016	281.20013	281.20032	281.20151	281.20065	4653.5815	4714.7871	4728.7393	4668.7627	4691.9233
281.29999	281.29965	281.2995	281.30038	281.30054	4666.3945	4642.0732	4723.147	4777.9712	4813.8296
281.40094	281.3999	281.40091	281.39972	281.40079	4687.5156	4711.729	4775.2637	4814.8877	4835.0547
281.49966	281.50073	281.50043	281.49976	281.50037	4631.9805	4687.6523	4751.3403	4681.4448	4759.0791
281.59967	281.59985	281.59976	281.59735	281.60001	4708.748	4742.1294	4832.1318	4817.145	4778.5508
281.69952	281.69962	281.7001	281.70044	281.70059	4722.688	4676.4331	4742.9067	4845.7783	4844.9111
281.79987	281.79977	281.80078	281.80042	281.80048	4716.6699	4746.8574	4841.541	4855.2349	4891.333
281.89954	281.89984	281.90005	281.90002	281.90005	4711.5952	4762.8145	4842.2896	4732.7954	4812.2861
282.00006	282.00024	281.99933	281.99997	282.00061	4793.9468	4830.2007	4917.8901	4913.7856	4897.2183
282.10202	282.1004	282.10004	282.09665	282.10062	4835.2466	4834.2476	4826.8379	4945.2114	4969.3389
282.19839	282.20029	282.20041	282.19226	282.19745	4903.0361	4939.8315	5013.6875	4982.7954	5022.811
282.30051	282.30002	282.29984	282.30026	282.29959	4959.835	4970.6465	4994.269	4844.917	4908.3276
282.39868	282.40033	282.40051	282.40082	282.40039	4934.3633	5013.9971	5063.6016	5016.5508	5057.2471
282.50177	282.49948	282.49939	282.49286	282.50043	4934.0972	4902.062	4951.8804	5038.791	5079.5239
282.59982	282.6001	282.60086	282.60016	282.60052	4905.2568	5004.3032	5058.8057	5108.1592	5121.2583
282.69489	282.69958	282.69995	282.69989	282.6998	4889.3608	5002.0815	5118.0815	4909.5991	5041.8735
282.80139	282.7998	282.79996	282.80054	282.80014	4879.8496	5009.25	5072.9106	5208.8906	5232.0449
282.90005	282.90045	282.90082	282.90094	282.90063	4842.7832	4937.8442	5139.1294	5240.3525	5323.5093
283.00031	282.99927	283.00345	283.00031	283.00006	4806.8574	5017.2266	5211.1611	5314.0742	5391.1636
283.10001	283.10001	283.09933	283.09964	283.10071	4881.2627	5119.855	5349.3633	5243.3301	5410.3271
283.19971	283.20102	283.20032	283.19958	283.2001	4884.0303	5220.5103	5391.3677	5590.4648	5703.938
283.30032	283.30035	283.30157	283.30426	283.30017	4960.6494	5315.8901	5649.9785	5838.0601	5939.8984
283.401	283.40012	283.40048	283.4003	283.40042	4913.6528	5493.8032	5842.1763	5996.9531	6208.1206
283.50012	283.49954	283.5	283.49982	283.49969	5251.5991	5959.8809	6472.3164	6519.8867	6777.001
283.60101	283.59964	283.60187	283.60025	283.60052	5600.8428	6633.7852	7453.042	8117.2061	8486.2939
283.70023	283.7002	283.69989	283.7005	283.70074	6748.9697	8692.5195	10944.799	12600.431	13445.028
283.80029	283.79935	283.7999	283.79956	283.79922	9003.2051	13242.761	17637.426	20884.361	22783.592
283.89987	283.89359	283.90018	283.89966	283.8996	11841.412	18575.793	26097.607	31030.719	33963.602
284.00171	284.00037	284.00003	284.00177	284.00162	14544.308	24403.24	33475.117	40181.309	44538.938
284.10089	284.09998	284.10013	284.10046	284.10016	15983.829	27473.363	37681.789	44568.746	49505.656
284.19962	284.19757	284.2005	284.19351	284.19189	16477.164	28490.771	38916.922	46273.285	51802.387
284.3002	284.30023	284.29932	284.30005	284.3002	16405.801	28233.6	38329.539	45158.641	50294.219
284.39972	284.401	284.40045	284.40012	284.39975	16054.828	27320.16	37079.809	43847.742	48687.43
284.49951	284.50037	284.50052	284.50018	284.50168	15916.04	26847.215	36499.633	42849.086	47691.941
284.60034	284.59982	284.60034	284.60025	284.60059	16002.852	26746.006	36488.938	43002.621	47862.414
284.70023	284.69989	284.70032	284.70023	284.70032	17230.223	28582.404	39772.746	48260.043	53003.316
284.80011	284.80011	284.7995	284.80032	284.79977	20435.088	34036.547	48831.996	60617.531	66476.891
284.90048	284.8999	284.90015	284.90005	284.89734	24996.93	43043.109	62098.086	74674.211	84665.352
285	285.00171	285.00146	284.99521	284.99948	29394.039	51601.941	74983.25	92699.188	102472.77
285.10156	285.10031	285.10071	285.10056	285.09964	30228.453	54250.773	77927.453	95224.047	106127.98
285.19962	285.20386	285.19998	285.20084	285.20053	27681.227	49492.969	70375.766	87025.266	96739.359
285.30008	285.30328	285.30005	285.29996	285.29276	24039.223	42395.008	60397.426	73215.836	82784.359
285.39987	285.40048	285.40091	285.39987	285.39969	20794.324	36092.551	50452.574	60533.195	67473.867
285.50049	285.49994	285.50018	285.50061	285.50009	16460.336	28069.791	38640.574	46310.676	51097.77
285.59723	285.59967	285.60019	285.60025	285.60031	14086.07	23066.246	31459.217	37209.508	41221.828
285.70236	285.69965	285.69821	285.70013	285.69965	12376.15	19862.094	26762.629	31511.836	35272.594
285.7988	285.7998	285.79968	285.80008	285.7995	11526.068	18039.863	23996.066	28138.297	30845.117
285.89941	285.8999	285.90045	285.90002	285.90015	11096.98	16981.609	22268	26159.244	28721.207
285.99982	286.00104	286.00009	286.00024	286.00031	10857.072	16144.514	21084.555	24452.199	26639.195
286.09372	286.10049	286.10001	286.10034	286.09973	10669.085	15569.288	19913.955	22922.1	25101.271
286.20023	286.1994	286.1998	286.19977	286.19955	10703.93	15256.427	19346.781	22315.961	24024.748
286.29605	286.29593	286.29971	286.29727	286.30014	11105.302	15593.713	19633.799	22596.613	24699.41
286.40369	286.40018	286.40005	286.39911	286.39948	12264.073	16825.758	21234.383	24098.551	26185.076
286.49942	286.49942	286.50024	286.49924	286.49997	13779.663	18567.584	23057.318	25988.748	28292.475
286.59451	286.60007	286.60141	286.60019	286.60059	16066.05	21315.82	26221.475	29389.229	31714.836
286.7002	286.70023	286.70099	286.70041	286.70001	18808.809	24535.648	30190.855	34344.445	37039.375
286.80005	286.79965	286.80124	286.80066	286.79974	22179.746	29343.713	37083.398	42561.422	45942.441
286.89984	286.89969	286.90018	286.89264	286.89078	24970.803	34017.395	43020.477	48809.496	52737.508
286.9996	287.00003	287.00085	286.99728	286.99942	25905.508	35179.18	44433.648	49377.848	53835.93
287.10059	287.09949	287.10031	287.10019	287.10193	25540.818	33673.781	41032.906	45953.848	49794.277
287.20013	287.19983	287.20074	287.20059	287.1998	24778.232	31410.467	37674.914	41638.887	44744.359
287.30066	287.30008	287.29984	287.29996	287.3002	23702.943	28973.551	33783.383	36685.102	39158.121
287.40085	287.40134	287.40024	287.39954	287.40057	22755.877	26803.729	30667.416	33043.898	35131.508
287.50323	287.5004	287.49991	287.49973	287.49646	22175.535	25509.545	28817.77	31088.574	32827.328
287.60022	287.59918	287.59943	287.59976	287.59875	21997.338	24954.67	28176.496	29989.627	31855.188
287.70038	287.70016	287.70023	287.69974	287.70023	22048.471	24852.297	27880.391	29715.693	31120.072
287.7995	287.79959	287.79996	287.80054	287.80014	22289.082	24889.641	27749.195	29431.871	30927.492
287.8999	287.89957	287.89914	287.89963	287.90039	22658.379	24951.342	27626.828	29307.607	30737.316
287.99335	288.00015	287.99951	288.0011	287.99994	23146.936	25355.348	28001.695	29311.955	30895.25
288.09857	288.10074	288.09357	288.10046	288.10068	23745.779	25950.201	28561.318	30189.441	31374.119
288.20004	288.19998	288.20071	288.20068	288.20053	24306.955	26758.664	29564.811	31321.893	32741.807
288.29968	288.3002	288.30002	288.29953	288.30042	24809.426	27503.637	30701.66	32866.078	34482.5
288.39902	288.39963	288.39709	288.3999	288.39999	25299.584	28673.35	32409.189	34631.719	36859.781
288.50058	288.5004	288.49966	288.49979	288.5004	25874.496	30108.508	34716.527	37864.113	39867.418
288.59918	288.60077	288.59769	288.59979	288.59949	26473.512	31822.65	37302.977	41306.953	44011.344
288.70029	288.69965	288.69977	288.69971	288.69995	27217.07	33388.812	39866.723	44484.805	47630.809
288.80112	288.7995	288.80002	288.79944	288.80042	27596.232	34527.344	41444.109	45928.301	49587.555
288.90076	288.89948	288.89896	288.89999	288.90027	27647.264	34697.805	41601.816	46188.824	49513.273
289.00128	289.00046	289.00021	288.99969	288.99988	27404.551	34269.492	40776.168	45319.074	48592.352
289.10034	289.10434	289.10013	289.09991	289.10016	27219.141	33542.09	39803.48	43912.352	47101.434
289.1991	289.19986	289.20016	289.20026	289.19803	27086.092	33100.617	39008.582	42621.516	45964.066
289.30176	289.29965	289.30035	289.29758	289.29666	27146.574	32807.938	38549.32	42115.289	44804.68
289.40079	289.39941	289.3999	289.39865	289.401	27272.779	32679.949	37973.59	41515.871	44384.598
289.49954	289.49997	289.48969	289.49991	289.50201	27492.561	32513.881	37669.957	40949.852	43765.93
289.5936	289.59982	289.59961	289.60037	289.60019	27695.129	32601.438	37565.598	40570.234	43171.055
289.70041	289.70081	289.70395	289.70013	289.70068	28195.523	32851.406	37645.641	40704.359	42934.793
289.79962	289.80096	289.79797	289.80032	289.80136	28446.686	32932.645	37431.09	40386.785	42791.496
289.90015	289.89993	289.89676	289.89929	289.90063	29022.863	33207.059	37731.188	40376.34	42860.16
290.00024	290.00061	290.00128	290.00034	289.99234	29659.141	33770.254	38171.594	40718.637	42948.422
290.09933	290.1001	290.10034	290.0997	290.10071	30364.846	34319.824	38633.262	41136.859	43246.125
290.1994	290.1998	290.2009	290.19788	290.19617	31094.168	34881.75	38994.129	41510.074	43648.914
290.2995	290.30066	290.29651	290.30014	290.30011	32222.564	35790.539	39957.5	42132.57	44404.762
290.40091	290.4007	290.39996	290.40063	290.39932	33357.883	36883.512	40898.32	43148.605	44985.246
290.50046	290.49966	290.50018	290.49954	290.49994	34664.637	38004.855	41934.469	44043.875	45953.402
290.60077	290.60031	290.59988	290.59958	290.60037	35985.789	39050.566	42861.777	44694.164	46782.594
290.70013	290.70016	290.70035	290.70081	290.70062	37709.324	40470.734	44075.887	45717.031	47505.672
290.80054	290.79971	290.79971	290.80008	290.80032	39493.5	41914.145	45170.883	46579.879	47999.719
290.89999	290.90005	290.90009	290.8996	290.89877	41682.203	43655.039	46584.508	47659.859	49051.086
291.00235	291.00052	290.99991	290.99759	291.0025	43837.453	45374.922	47750.551	48550.953	50025.598
291.10242	291.09937	291.10083	291.09891	291.09274	46254.586	47363.746	49575.113	49979.863	50974.582
291.19971	291.19931	291.19998	291.19952	291.19958	48661.668	49245.359	51130.578	51151.625	51765.133
291.3002	291.30002	291.29306	291.29977	291.29654	50984.902	51231.52	52535.93	52228.066	52957.262
291.40002	291.40024	291.40036	291.40097	291.39957	53166.91	52873.961	53863.133	53136.121	53792.508
291.50046	291.50031	291.49991	291.50049	291.5014	55126.047	54612.109	55331.227	54306.07	54529.73
291.60095	291.60004	291.59998	291.60077	291.60013	56764.758	55989.621	56345.66	55088.312	55120.824
291.70013	291.70288	291.70026	291.70023	291.69992	58143.711	57189.98	57283.324	55796.605	55848.625
291.80026	291.79968	291.80145	291.79971	291.80048	59240.738	57902.008	57843.809	56095.703	56296.246
291.90045	291.90033	291.90134	291.89941	291.9003	60208.223	58843.871	58571.848	56756.656	56513.496
292.00006	291.99985	292.00003	292.00049	292.00171	61015.176	59517.121	59094.363	57162.613	56920.438
292.10004	292.10004	292.10068	292.09937	292.10037	61657.227	60071.402	59517.125	57472.836	57233.258
292.20038	292.20023	292.19971	292.20016	292.20032	62350.645	60453.438	59743.539	57556.648	57506.543
292.2998	292.30038	292.29959	292.29984	292.29968	62982.617	61085.082	60279.418	58033.121	57548.223
292.39737	292.39838	292.39896	292.40067	292.39801	63715.508	61673.812	60749.93	58329.355	57971.684
292.50034	292.50052	292.49936	292.50021	292.50006	64369.855	62211.398	61092.008	58662.012	58205.148
292.60062	292.60046	292.60074	292.60025	292.59982	65139.152	62661.625	61477.246	58761.449	58433.395
292.70013	292.70139	292.69983	292.70065	292.70016	65798.023	63299.168	61965.02	59187.996	58370.84
292.79965	292.80045	292.79993	292.80063	292.80002	66424.156	63803.387	62313.543	59441.227	58789.566
292.90036	292.90012	292.90036	292.89453	292.89984	66873.969	64151.492	62498.711	59577.422	58858.852
292.99969	293.00021	292.99857	293.00073	292.99985	67205.562	64186.594	62546.676	59431.023	58853.422
293.10001	293.09991	293.09991	293.10059	293.09988	67386.477	64477.508	62680.117	59602.309	58574.055
293.19943	293.19928	293.20023	293.19955	293.19968	67435.094	64470.438	62605.613	59453.305	58627.395
293.29971	293.30014	293.30054	293.29996	293.29947	67351.961	64313.723	62437	59289.422	58471.703
293.39993	293.39975	293.4003	293.39993	293.39993	67226.695	64156.922	62125.59	58867.699	58236.609
293.50021	293.50082	293.49954	293.50061	293.50034	67093.984	64033.137	62053.637	58858.316	57852.609
293.59995	293.59964	293.60031	293.60004	293.59879	66950.453	63891.438	61894.234	58688.996	57847.281
293.70007	293.7002	293.69998	293.7001	293.70065	66819.523	63650.477	61706.785	58544.438	57669.582
293.80042	293.80042	293.80029	293.79953	293.80017	66764.859	63615.738	61527.801	58250.078	57525.691
293.89975	293.90106	293.90021	293.89755	293.89993	66754.672	63596.266	61511.434	58299.359	57230.895
293.99985	294.00009	293.99985	294.00073	293.99741	66818.039	63591.477	61470.078	58207.566	57310.543
294.10028	294.10019	294.09976	294.09967	294.09946	66821.211	63484.645	61355.512	58102.664	57234.812
294.20013	294.19992	294.20047	294.20032	294.20013	66958.266	63615.906	61405.848	57916.426	56981.051
294.30048	294.29993	294.29993	294.29962	294.30078	67060.562	63687.254	61414.211	58033.266	57061.902
294.39993	294.40027	294.39981	294.40015	294.39984	67083.469	63657.516	61336.105	57908.176	56904.938
294.49976	294.49475	294.49957	294.50159	294.50333	67070.656	63509.562	61145.902	57772.238	56783.793
294.5997	294.59933	294.60034	294.60056	294.60025	67030.766	63522.602	61091.379	57485.152	56406.074
294.69986	294.70074	294.70007	294.70016	294.68698	66960.266	63401.07	60921.922	57427.75	56372.914
294.79984	294.80081	294.80008	294.80008	294.80099	66851.625	63283.672	60742.551	57234.746	56144.934
294.89969	294.90231	294.90015	294.90158	294.9003	66671.664	62995.016	60403.582	56956.988	55804.441
295.00009	295.00055	295.00073	294.99939	295	66535.594	62890.508	60326.645	56642.367	55564.523
295.10019	295.10059	295.1001	295.10049	295.09946	66361.328	62694.215	60107.586	56523.664	55390.141
295.20001	295.20016	295.20032	295.20016	295.20038	66117.867	62433.66	59847.238	56251.582	55145.273
295.30029	295.3002	295.29996	295.29205	295.29974	65880.797	62075.121	59472.082	55972.805	54784.523
295.40012	295.39996	295.39944	295.40076	295.40063	65546.016	61888.785	59253.934	55626.156	54515.25
295.50082	295.49918	295.50116	295.50052	295.49933	65244.27	61570.434	58968.117	55399.18	54293
295.59973	295.6004	295.59982	295.6008	295.60062	64794.02	61136.676	58529.836	55002.535	53934.531
295.70047	295.69882	295.70047	295.70117	295.70056	64388.645	60654.254	58055.105	54543.008	53441.285
295.80038	295.80017	295.80112	295.80087	295.80011	63964.984	60341.707	57754.477	54260.18	53231.527
295.90036	295.90054	295.90131	295.90063	295.8999	63535.977	59941.258	57378.988	53936.316	52880.051
296.00003	296.00082	295.99945	296.00061	295.99963	63132.863	59566.191	57021.527	53616.992	52542.141
296.10062	296.10013	296.09973	296.09979	296.09979	62712.48	59078.25	56521.562	53114.195	52035.668
296.2001	296.19983	296.2002	296.20062	296.20007	62365.648	58821.941	56325.125	52941.527	51889.184
296.30011	296.30042	296.30066	296.30048	296.30099	62048.051	58534.75	56044.547	52697.977	51645.164
296.40039	296.40375	296.40039	296.39954	296.40027	61740.988	58217.109	55737.973	52445.328	51404.289
296.5004	296.5004	296.50037	296.5015	296.50037	61494.785	57943.383	55452.406	52047.566	51007.312
296.60098	296.5997	296.60046	296.60013	296.6008	61210.84	57743.828	55269.746	51943.195	50931.258
296.70016	296.702	296.69998	296.70035	296.69974	61035.102	57579.125	55101.441	51792.926	50807.844
296.79971	296.80035	296.79941	296.79959	296.8006	60777.594	57269.551	54828.273	51594.859	50590.125
296.90042	296.89938	296.90421	296.90005	296.90048	60651.508	57188.023	54669.883	51279.945	50256.816
296.99847	297.00024	296.99979	296.99957	297.00037	60530.438	57075.125	54586.738	51312.438	50304.867
297.09918	297.10077	297.10007	297.0997	297.10059	60444.809	56974.965	54473.695	51192.926	50193.785
297.20001	297.19824	297.1998	297.20087	297.19977	60367.164	56856.855	54336.34	51135.719	50129.781
297.2999	297.29993	297.29929	297.30072	297.30029	60323.984	56815.949	54278.438	50848.562	49811.965
297.3999	297.39963	297.39951	297.39996	297.39996	60332.027	56801.938	54272.348	50974.605	49942.09
297.50034	297.50027	297.50052	297.50049	297.49591	60345.715	56823.02	54249.328	50941.969	49885.34
297.60071	297.60043	297.60059	297.6001	297.59991	60382.398	56731.5	54144.637	50920.527	49869.863
297.69623	297.69989	297.69775	297.69525	297.69516	60429.133	56825.672	54237.477	50701.652	49650.57
297.80008	297.80042	297.80026	297.79959	297.79941	60429.066	56853.055	54201.688	50823.102	49760.898
297.89944	297.89996	297.90015	297.90082	297.89948	60558.328	56924.121	54206.117	50866.168	49747.441
297.99936	297.99997	297.99991	298.00055	298.00009	60585.234	56804.672	54151.539	50825.641	49661.254
298.10004	298.09976	298.09949	298.10052	298.09949	60693.246	56987.105	54251.898	50626.496	49491.32
298.19833	298.20062	298.20047	298.19989	298.20102	60789.66	57056.488	54287.016	50845.918	49657.613
298.30032	298.30374	298.30066	298.29965	298.3002	60887.598	57112.496	54250.551	50806.984	49618.109
298.40012	298.40088	298.39972	298.392	298.39963	61015.637	57122.641	54331.289	50850.699	49547.105
298.50043	298.49335	298.49985	298.50018	298.49973	61102.855	57257.051	54338.508	50657.961	49586.297
298.60089	298.59863	298.59915	298.6026	298.60052	61247.562	57329.406	54457.434	50867.805	49617.91
298.70123	298.6998	298.70129	298.70035	298.7005	61285.703	57405.816	54380.855	50867.016	49590.648
298.80133	298.80048	298.79984	298.80054	298.80011	61396.746	57432.879	54456.52	50838.246	49428.242
298.89905	298.90063	298.90082	298.89929	298.90063	61446.762	57485.789	54503.566	50694.16	49538.469
298.99979	299.0036	298.99966	299.00012	299.0015	61547.996	57542.453	54514.367	50829.008	49552.086
299.10022	299.10037	299.09967	299.10022	299.10001	61561.562	57575.293	54480.184	50884.387	49557.008
299.20068	299.19943	299.19928	299.20059	299.20062	61658.02	57646.059	54539.227	50818.824	49408.141
299.30045	299.29999	299.29996	299.30045	299.30115	61685.617	57655.625	54555.121	50676.484	49507.871
299.39975	299.40115	299.40161	299.40009	299.40103	61684.188	57628.586	54526.582	50779.512	49447.516
299.50031	299.50079	299.50024	299.49927	299.49924	61691.156	57540.535	54397.559	50773.113	49359.078
299.60004	299.60013	299.60004	299.60016	299.60007	61699.844	57598.922	54473.395	50668.609	49247.922
299.702	299.69928	299.69937	299.69986	299.70938	61646.328	57540.145	54382.598	50520.23	49319.871
299.79922	299.7981	299.80072	299.79541	299.79984	61629.219	57554.707	54383.652	50595.938	49256.691
299.90167	299.8992	299.90021	299.89957	299.90042	61558.867	57378.754	54204.145	50528.883	49109.852
300.00046	300.00107	300.00061	300.00058	300.00018	61495.676	57399.797	54209.719	50411.711	49040.574
300.10086	300.09946	300.09995	300.10001	300.10016	61401.133	57288.926	54128.965	50257.086	49011.891
300.20163	300.20099	300.20078	300.19995	300.20044	61321.23	57178.598	54056.062	50312.469	48943.68
300.30023	300.30167	300.30045	300.30054	300.29187	61225.609	57153.789	53867.93	50211.824	48697.66
300.39304	300.39951	300.40103	300.40012	300.40085	61134.789	57062.719	53877.625	50050.812	48761.844
300.50119	300.49979	300.50055	300.50067	300.50073	61036.25	56984.012	53794.246	49954.312	48677.305
300.59973	300.5957	300.59952	300.60056	300.60019	60924.73	56760.852	53681.062	49959.559	48603.141
300.69931	300.6994	300.69928	300.6972	300.70016	60850.812	56790.836	53518.379	49887.051	48385.797
300.80084	300.79892	300.80014	300.80014	300.80054	60721.625	56665.27	53477.34	49699.559	48430.297
300.90042	300.90009	300.90137	300.90097	300.89999	60689.359	56620.352	53438.992	49680.602	48384.809
300.99988	301.00085	301.00058	301.00027	301.00034	60574.789	56425.664	53373.059	49652.293	48322.758
301.10165	301.09995	301.09998	301.10065	301.09967	60493.855	56439.578	53212.406	49576.066	48114.785
301.19989	301.19983	301.20096	301.20007	301.20044	60424.789	56377.645	53224.973	49365.855	48211.145
301.30029	301.30075	301.30109	301.29996	301.29846	60314.297	56261.75	53147.457	49455.328	48122.766
301.39828	301.39642	301.39993	301.39899	301.39981	60236.562	56140.234	53068.848	49426.488	48078.082
301.49979	301.49985	301.50009	301.49231	301.49963	60167.785	56115.582	52945.852	49374.859	47903.574
301.59937	301.60019	301.60025	301.60056	301.59985	60112.199	56099.812	52973.781	49184.02	48014.363
301.6998	301.70029	301.70053	301.7002	301.69751	60045.617	56069.746	52934.996	49303.953	47975.43
301.80054	301.80087	301.79999	301.79953	301.79941	60003.438	55937.336	52884.918	49265.344	47923.707
301.89999	301.90051	301.90381	301.89993	301.90128	59992.531	56010.008	52819.184	49246.602	47843.773
302.00009	301.99988	302.00015	302.00012	301.99982	59903.758	55898.285	52824.094	49067.117	47891.039
302.09958	302.10101	302.10025	302.10406	302.10028	59895.969	55974.539	52829.32	49200.219	47913.469
302.19623	302.20038	302.19855	302.2016	302.20032	59825.66	55785.73	52760.242	49171.438	47836.57
302.30026	302.30002	302.29141	302.29971	302.30255	59753.965	55849.219	52723.191	49139.32	47778.902
302.40036	302.40002	302.39987	302.40054	302.40067	59745.387	55822.457	52744.977	49027.418	47858.254
302.50024	302.49997	302.49689	302.49997	302.49924	59728.73	55770.438	52716.867	49124.449	47840.695
302.60004	302.60013	302.60022	302.6026	302.59976	59695.172	55707.559	52678.223	49130.738	47763.41
302.70032	302.70074	302.70096	302.70126	302.71054	59584.695	55619.852	52593.867	49027.887	47689.176
302.80005	302.79974	302.79922	302.80051	302.79889	59536.199	55661.062	52588.164	48955.652	47783.461
302.89972	302.9003	302.90024	302.90015	302.9007	59448.586	55551.766	52558.953	49026.52	47764.879
302.99988	302.99985	303.00159	303.00052	302.99973	59382.297	55477.371	52460.844	48984.348	47619.445
303.1011	303.09848	303.09949	303.09985	303.09409	59302.039	55455.801	52443.523	48920.227	47701.371
303.20059	303.20084	303.20084	303.1994	303.19925	59184.477	55333.316	52368.75	48804.457	47647.121
303.29617	303.30035	303.30029	303.30048	303.29901	59073.395	55223.617	52304.938	48843.66	47631.215
303.40015	303.39975	303.39999	303.39914	303.40015	58960.242	55126.648	52171.773	48814.742	47429.852
303.49988	303.49985	303.49692	303.49966	303.50012	58762.977	55023.203	52111.598	48673.848	47491.785
303.61163	303.59644	303.59998	303.60034	303.60004	58653.535	54948.379	52074.953	48582.965	47481.055
303.69962	303.70056	303.70029	303.69983	303.70029	58477.234	54683.301	51910.316	48546.273	47367.992
303.80023	303.80115	303.80066	303.7998	303.80066	58309.184	54618.32	51708.789	48442.664	47161.422
303.89999	303.90063	303.89957	303.89999	303.89944	58119.652	54446.691	51664.707	48265.094	47200.977
303.99875	304.00034	303.99673	303.99921	303.99915	57901.949	54295.812	51524.215	48215.789	47066.625
304.10046	304.09909	304.09967	304.09827	304.10083	57698.031	54058.828	51402.715	48158.91	47009.035
304.20187	304.19925	304.20081	304.19995	304.20016	57402.16	53860.336	51088.406	47974.203	46756.785
304.29999	304.29858	304.30048	304.30032	304.30014	57119.828	53640.25	50974.98	47718.879	46736.09
304.39954	304.39932	304.40018	304.39688	304.39944	56875.504	53404.836	50812.336	47659.293	46612.457
304.50003	304.50009	304.49945	304.49988	304.50018	56556.016	53084.145	50612.66	47532.523	46423.289
304.60126	304.60062	304.60019	304.60059	304.60074	56312.359	52931.629	50330.461	47373.117	46242.836
304.70065	304.69916	304.70349	304.69995	304.69962	55935.082	52634.027	50128.754	47054.57	46152.664
304.80057	304.79977	304.80011	304.80032	304.79993	55693.379	52425.473	49965.102	46996.742	46056.035
304.89996	304.89966	304.89948	304.90045	304.89944	55303.512	52030.957	49718.93	46821.215	45811.172
305.00049	305.00015	305.00037	304.99744	304.99994	55001.941	51842.246	49438.121	46632.762	45691.535
305.09946	305.10016	305.10059	305.09995	305.10016	54647.918	51530.363	49241.117	46311.922	45531.211
305.2009	305.20096	305.19983	305.19971	305.20007	54301.332	51263.32	48996.508	46208.234	45338.055
305.30148	305.30066	305.3009	305.3002	305.30023	53950.062	50893.926	48723.301	46048.461	45081.312
305.40021	305.40146	305.401	305.39587	305.40048	53505.434	50596.227	48380.941	45793.777	44922.758
305.49976	305.50034	305.49707	305.49991	305.49985	53139.273	50277.625	48162.625	45448.539	44740.496
305.60031	305.60037	305.60019	305.60172	305.59955	52769.883	49990.012	47901.613	45365.59	44569.781
305.70032	305.69968	305.69662	305.69965	305.7001	52358.242	49549.688	47526.332	45125.852	44232.617
305.80048	305.79984	305.80008	305.80078	305.80145	51994.387	49284.922	47336.199	44912.078	44156.586
305.89221	305.90067	305.90817	305.90039	305.90033	51592.656	48915.102	46999.195	44516.914	43926.574
306.00064	306.00079	306.00043	305.99997	306.00055	51181.5	48609.414	46742.367	44432.176	43736.676
306.09961	306.10071	306.0994	306.10068	306.09976	50787.922	48188.984	46370.48	44199.77	43409.863
306.2002	306.20081	306.20096	306.19992	306.20004	50415.34	47953.109	46183.062	43974.934	43319.57
306.30011	306.29767	306.2998	306.29996	306.2988	50012.273	47602.789	45866.652	43580.398	43087.312
306.39987	306.39981	306.40073	306.40051	306.39951	49605.027	47233.684	45536.875	43481.391	42856.961
306.50037	306.50275	306.50018	306.4982	306.49991	49231.496	46861.438	45213.707	43256.625	42533.844
306.60092	306.59415	306.59991	306.60001	306.60046	48830.777	46591.004	44986.148	43012.578	42452.773
306.70078	306.70062	306.6998	306.6998	306.69998	48396.277	46236.84	44714.352	42609.484	42213.207
306.80054	306.80057	306.79413	306.80026	306.79913	48037.953	45833.898	44455.949	42550.391	42035.621
306.8996	306.89951	306.90009	306.90405	306.901	47619.512	45555.449	44084.223	42265.758	41659.602
307.00009	307.0011	307.00034	307.00018	307.00027	47242.242	45239.219	43847.363	42035.688	41573.637
307.09909	307.10092	307.09979	307.09802	307.10001	46878.301	44920.508	43575.293	41698.883	41368.109
307.19952	307.20023	307.20126	307.20044	307.20026	46505.148	44507.836	43285.125	41601.719	41183.402
307.30051	307.29993	307.30026	307.29993	307.30042	46162.902	44299.656	43010.73	41394.055	40853.438
307.40158	307.40109	307.40002	307.40079	307.39948	45798.047	43997.957	42790.75	41157.895	40774.855
307.5004	307.49335	307.49585	307.50284	307.5004	45461.895	43709.207	42523.777	40822.887	40580.773
307.59689	307.60028	307.59998	307.60037	307.60043	45080.969	43307.578	42169.816	40718.855	40370.035
307.70047	307.70132	307.69812	307.70065	307.70074	44755.145	43069.27	42009.02	40492.816	40067.43
307.80304	307.80045	307.80344	307.80017	307.80045	44374.879	42771.156	41725.801	40260.086	39982.727
307.90039	307.89951	307.90005	307.90048	307.90039	44041.805	42473.391	41490.891	39951.898	39777.934
308.0004	307.99924	308.00003	307.99991	308.00098	43712.707	42144.105	41154.766	39873.648	39599.016
308.09796	308.0993	308.10004	308.10037	308.10077	43390.109	41920.535	40988.562	39657.051	39263.055
308.2002	308.20032	308.19998	308.2002	308.19907	43081.418	41646.961	40781.648	39449.27	39235.148
308.29919	308.29996	308.3006	308.30078	308.29614	42753.293	41331.496	40502.383	39145.219	39015.375
308.39978	308.4007	308.40042	308.40039	308.40005	42392.887	41013.129	40183.758	39043.621	38831.887
308.50018	308.50046	308.49887	308.50006	308.50031	42128.453	40818.352	40069.453	38875.68	38566.266
308.60037	308.60025	308.60071	308.60028	308.60004	41792.52	40555.402	39810.348	38589.02	38490.676
308.70047	308.69977	308.70038	308.70004	308.70023	41531.305	40313.875	39537.176	38444.465	38322.965
308.80063	308.80066	308.80106	308.80023	308.79993	41187.012	40003.227	39374.605	38283.645	38055.52
308.90237	308.8996	308.90033	308.89969	308.90045	40877.484	39793.207	39141.297	38083.957	37901.824
309.00034	309.00027	309.00049	309.00034	309.00012	40605.496	39532.371	38905.023	37814.738	37764.293
309.10046	309.09982	309.10043	309.10077	309.09625	40363.484	39288.07	38618.984	37697.348	37640.867
309.20032	309.19989	309.20001	309.19986	309.20456	40057.184	39018.938	38492.164	37547.992	37378.602
309.29953	309.2995	309.30054	309.30023	309.29993	39768.211	38798.426	38268.625	37325.141	37243.617
309.40137	309.40063	309.3999	309.40002	309.39999	39496.078	38547.59	38049.59	37058.945	37122.859
309.49994	309.50034	309.49994	309.496	309.49927	39227.547	38284.066	37758.859	36988.18	36947.43
309.6004	309.60175	309.60004	309.59979	309.5997	38946.539	38052.008	37655.992	36831.949	36688.996
309.69986	309.70078	309.70032	309.70023	309.7002	38719.152	37868.301	37466.094	36655.414	36616.922
309.80081	309.80045	309.80093	309.7998	309.79971	38438.035	37626.793	37248.227	36337.906	36451.766
309.8999	309.90039	309.90073	309.89984	309.90054	38224.941	37413.289	37011.352	36333.371	36321.453
309.99973	310.00098	310.00006	310.00012	310.00061	37970.066	37235.375	36897.227	36164.297	36056.031
310.09982	310.10013	310.0993	310.09979	310.10086	37747.305	37056.555	36734.336	36009.898	36035.07
310.2012	310.20023	310.20227	310.1998	310.20035	37507.047	36818.773	36534.379	35714.719	35880.254
310.29919	310.30252	310.30011	310.29922	310.2998	37273.664	36544.727	36259.586	35681.629	35742.914
310.40222	310.39972	310.40027	310.39996	310.40021	37045.785	36438.992	36191.062	35549.613	35476.145
310.49918	310.50009	310.50064	310.5004	310.5011	36839	36243.859	36019.629	35381.32	35445.23
310.6004	310.60052	310.59778	310.60001	310.60001	36608.883	36056.109	35856.523	35147.828	35296.262
310.69925	310.7005	310.70035	310.69949	310.70142	36443.805	35820.547	35613.93	35125.492	35205.68
310.80005	310.80057	310.80035	310.79834	310.80057	36206.344	35715.047	35513.805	34983.523	34950.609
310.89984	310.89999	310.89951	310.89777	310.89987	36026.566	35537.688	35378.168	34821.07	34917.051
310.99786	311.00064	311.00034	311.00055	310.99939	35842.984	35374.789	35215.875	34638.273	34799.594
311.10034	311.10062	311.10016	311.10239	311.10031	35670.5	35150.668	35007.824	34627.145	34659.77
311.20251	311.18823	311.2002	311.19989	311.20029	35470.57	35074.297	34949.961	34491.473	34565.887
311.29977	311.30002	311.30197	311.3002	311.30112	35302.93	34902.363	34790.84	34271.992	34439.816
311.40054	311.39954	311.3989	311.39984	311.39911	35173.703	34764.43	34665.625	34254.578	34378.523
311.49945	311.50024	311.4996	311.49936	311.50031	34997.211	34581.586	34496.039	34153.262	34164.383
311.60056	311.60059	311.60031	311.60028	311.59949	34840.992	34485.875	34425.266	34029.043	34150.969
311.70084	311.70062	311.70032	311.70071	311.70193	34684.43	34340.383	34290.438	33824.805	34035.914
311.79996	311.79904	311.80096	311.80029	311.8006	34556.367	34220.66	34174.738	33821.555	33952.266
311.90039	311.90009	311.90021	311.90036	311.89966	34404.23	34055.117	34021.086	33711.07	33749.922
312.00027	312	311.99997	312.00027	311.99954	34285.594	34000.727	33991.102	33668.453	33769.355
312.10089	312.10025	312.09677	312.09637	312.10037	34164.344	33876.461	33871.871	33443.773	33670.273
312.19925	312.20078	312.20016	312.20255	312.20099	34043.238	33760.664	33708.031	33472.316	33629.57
312.29636	312.29486	312.29514	312.30045	312.30319	33922.586	33665.406	33707.258	33377.211	33428.805
312.40079	312.4003	312.40076	312.39996	312.40048	33814.953	33561.398	33589.445	33218.414	33449.758
312.49899	312.50037	312.49918	312.49704	312.50064	33672.953	33458.203	33480.695	33158.703	33340.281
312.59998	312.6008	312.60266	312.59988	312.59637	33574.609	33297.531	33305.164	33124.5	33273.844
312.70184	312.69992	312.70081	312.70035	312.70007	33445.082	33269.707	33324.371	33057.395	33129.859
312.80008	312.79941	312.79984	312.80127	312.80063	33375.766	33181.727	33249.383	32882.469	33149.961
312.89999	312.90036	312.90002	312.89987	312.8989	33271.922	33083.75	33147.25	32872.949	33062.383
313.00015	313.00287	312.99973	312.99313	313.00015	33208.609	32939.07	32999.477	32844.906	32967.613
313.09875	313.10022	313.10181	313.10162	313.10199	33111.504	32951.07	33007.5	32761.984	32852.992
313.20013	313.20013	313.19778	313.19986	313.20081	33026.109	32854.094	32910.82	32585.652	32846.492
313.29984	313.30075	313.30063	313.29993	313.3017	32955.418	32802.328	32870.82	32632.832	32805.664
313.40024	313.40067	313.40076	313.39954	313.40002	32868.457	32642.318	32704.283	32581.572	32623.367
313.49423	313.50095	313.49371	313.50009	313.50064	32793.168	32667.186	32742.773	32538.492	32715.307
313.59995	313.59985	313.59964	313.60004	313.60037	32726.707	32578.006	32663.812	32312.758	32624.617
313.70078	313.69824	313.70038	313.69925	313.69983	32658.248	32522.379	32599.943	32406.191	32583.141
313.79709	313.79874	313.80182	313.80057	313.7998	32597.121	32384.449	32488.074	32370.27	32407.084
313.90048	313.90295	313.90125	313.89319	313.89981	32496.949	32384.551	32483.443	32299.129	32424.119
314.00021	314.00043	313.99957	314.00089	314.00031	32442.67	32326.533	32429.82	32114.215	32378.393
314.10019	314.10052	314.10016	314.10025	314.10059	32377.547	32259.066	32343.539	32191.719	32331.525
314.20059	314.20142	314.19943	314.198	314.20026	32300.863	32125.152	32234.182	32127.988	32156.598
314.30002	314.29996	314.30142	314.30103	314.29663	32229.027	32158.541	32245	32049.504	32229.121
314.40009	314.3999	314.39868	314.40088	314.40067	32153.871	32073.896	32174.193	31938.369	32149.746
314.50085	314.49973	314.50067	314.50034	314.49994	32089.699	32012.002	32107.258	31948.797	32098.928
314.60147	314.59439	314.60046	314.59949	314.59988	32013.738	31879.674	31989.02	31873.445	31954.588
314.69949	314.70068	314.70007	314.69962	314.69986	31939.328	31877.613	32000.742	31761.035	31993.984
314.79922	314.80072	314.80054	314.80066	314.80011	31878.912	31810.979	31911.945	31714.477	31935.184
314.90057	314.8989	314.90073	314.90002	314.90027	31812.828	31733.914	31854.52	31721.182	31854.596
315.00037	314.99976	314.99957	314.99738	315.00015	31743.689	31638.039	31766.244	31671.439	31727.791
315.10046	315.1004	315.10019	315.09659	315.09943	31656.982	31615.625	31724.916	31460.688	31746.197
315.20029	315.20013	315.20013	315.20044	315.20032	31574.5	31534.934	31650.363	31521.697	31668.275
315.30045	315.29941	315.30127	315.30008	315.30032	31530.289	31466.113	31562.922	31467.748	31558.871
315.40051	315.40109	315.40073	315.40009	315.39957	31439.412	31354.119	31501.426	31407.85	31523.701
315.50018	315.50085	315.49939	315.49841	315.49976	31381.875	31342	31469.738	31220.684	31494.633
315.59976	315.60025	315.60056	315.60089	315.60162	31283.83	31252.998	31382.514	31250.182	31421.529
315.70071	315.7009	315.69952	315.70309	315.69992	31223.291	31178.018	31284.541	31197.51	31305.939
315.79974	315.79898	315.80014	315.79764	315.79984	31112.377	31059.32	31215.709	31142.025	31288.275
315.90005	315.90054	315.90067	315.90042	315.89984	31057.816	31039.365	31171.98	30946.75	31250.426
316.00015	315.99976	316.00015	316.00095	315.99976	30958.799	30935.523	31073.205	30973.393	31164.055
316.09613	316.09909	316.09982	316.09866	316.10046	30890.771	30856.357	30955.018	30930.428	30986.887
316.19501	316.20059	316.19736	316.19977	316.19937	30802.486	30772.557	30927.986	30862.195	31018.221
316.30109	316.3002	316.30045	316.29987	316.30069	30719.934	30716.57	30860.627	30689.066	30940.23
316.39975	316.40039	316.39999	316.40021	316.39975	30636.934	30626.084	30786.428	30696.523	30854.008
316.50104	316.50037	316.5011	316.49982	316.50064	30547.963	30497.621	30647.615	30638.908	30701.393
316.60028	316.60019	316.60083	316.60092	316.60016	30475.996	30480.568	30646.002	30536.959	30751.246
316.69943	316.69989	316.69571	316.69943	316.70016	30384.996	30395.143	30550.014	30398.787	30654.723
316.7998	316.79971	316.80032	316.7998	316.80096	30300.498	30312.24	30472.871	30405.643	30567.848
316.90033	316.90063	316.89969	316.90036	316.90015	30214.295	30171.146	30317.855	30356.877	30417.797
317.00024	316.99591	317.00012	316.99744	317.00098	30129.518	30154.617	30317.889	30245.955	30416.506
317.09995	317.10034	317.09912	317.10034	317.09998	30040.922	30080.184	30233.357	30166.375	30358.059
317.19995	317.20044	317.19992	317.20062	317.20056	29957.906	29995.08	30142.406	30114.043	30251.871
317.29993	317.29993	317.2998	317.30087	317.29987	29873.281	29865.756	30006.777	30064.967	30130.486
317.40057	317.4006	317.39606	317.40137	317.40021	29801.197	29837.953	30017.631	29908.287	30164.074
317.5007	317.49854	317.50079	317.49982	317.50244	29729.197	29771.227	29941.113	29898.502	30069.215
317.60013	317.59656	317.60181	317.59891	317.60095	29658.006	29706.102	29871.102	29847.053	29961.98
317.70053	317.6973	317.70059	317.70081	317.69769	29561.088	29560.412	29702.07	29780.34	29880.965
317.79974	317.80017	317.80011	317.80023	317.80048	29511.471	29566.256	29748.635	29607.42	29898.939
317.90009	317.90082	317.90359	317.90054	317.89954	29427.623	29493.58	29648.031	29647.836	29802.283
318.00037	317.9982	317.99652	317.99658	318.00058	29375.318	29442.729	29595.938	29588.961	29673.756
318.10452	318.09723	318.07037	318.10037	318.10056	29270.467	29298.064	29463.389	29527.994	29672.643
318.2001	318.19989	318.19998	318.20062	318.1991	29223.578	29312.422	29461.818	29345.453	29626.104
318.29996	318.30389	318.3009	318.29813	318.29703	29143.754	29232.73	29386.281	29387.889	29553.547
318.3999	318.39896	318.39996	318.40009	318.40005	29087.354	29167.691	29293.07	29320.15	29396.137
318.49985	318.50003	318.49997	318.49976	318.49973	29006.131	29033.553	29236.895	29260.975	29426.66
318.59933	318.59995	318.59991	318.60083	318.59766	28947.742	29031.02	29195.139	29100.205	29356.82
318.69934	318.70004	318.6998	318.69992	318.70016	28877.352	28949.193	29128.104	29126.818	29285.467
318.80072	318.79959	318.7977	318.80002	318.8017	28814.662	28892.871	29029.6	29072.568	29143.289
318.8978	318.90051	318.90033	318.89981	318.89581	28740.818	28775.607	28986.086	29015.094	29181.863
318.99911	319.00183	319.00003	319.00134	319.00098	28703.736	28784.564	28956.441	28874.035	29142.555
319.10052	319.09973	319.10165	319.09985	319.09973	28615.877	28707.104	28869.012	28899.998	29056.566
319.19977	319.20068	319.20142	319.19308	319.20026	28567.357	28652.922	28791.719	28862.908	28916.111
319.30035	319.30042	319.30026	319.30023	319.30014	28507.867	28561.664	28776.115	28745.787	28952.506
319.40057	319.39975	319.40039	319.40421	319.40308	28466.896	28546.705	28728.344	28683.656	28901.094
319.4996	319.50046	319.5004	319.49875	319.49963	28422.402	28504.639	28678.004	28688.43	28855.688
319.60077	319.59311	319.60089	319.60059	319.60315	28366.846	28441.959	28556.133	28663.174	28713.656
319.6998	319.70074	319.69791	319.70059	319.70016	28326.422	28387.328	28590.723	28559.6	28782.584
319.79984	319.79944	319.79999	319.80066	319.79932	28272.293	28372.555	28521.764	28519.367	28722.451
319.89819	319.9003	319.90082	319.90195	319.89954	28217.287	28331.395	28492.822	28533.357	28668.045
319.99966	320.00046	319.99988	320.00049	319.99988	28166.242	28250.881	28378.271	28492.82	28519.299
320.10043	320.10037	320.09995	320.10025	320.10095	28125.709	28201.217	28380.178	28352.998	28591.527
320.20035	320.20068	320.20007	320.19955	320.19983	28083.074	28179.648	28347.785	28367.535	28535.582
320.3009	320.30029	320.30002	320.30038	320.30051	28034.277	28136.6	28300.131	28343.729	28469.707
320.39981	320.40585	320.40033	320.39951	320.39972	27981.617	28052.338	28177.916	28303.268	28337.512
320.49988	320.5007	320.50027	320.49872	320.49738	27964.652	28055.273	28237.318	28167.748	28403.801
320.60043	320.59979	320.60077	320.59943	320.5994	27912.641	28031.135	28179.676	28221.111	28349.635
320.69254	320.69958	320.70087	320.69928	320.70041	27898.172	28006.584	28155.314	28189.234	28317.834
320.80017	320.80011	320.80121	320.80087	320.8035	27843.686	27905.754	28037.656	28164.18	28212.652
320.90125	320.90024	320.90057	320.89996	320.90009	27821.053	27921.119	28069.184	28016.789	28247.598
320.99997	320.99988	320.99872	321.00031	320.99994	27783.977	27890.121	28034.314	28077.551	28201.666
321.09998	321.1001	321.09988	321.10086	321.10095	27741.195	27856.541	27991.977	28035.334	28141.652
321.19974	321.20105	321.19989	321.20056	321.20053	27704.314	27759.459	27886.842	28005.094	28031.285
321.29947	321.29987	321.3002	321.29984	321.30093	27697.723	27798.207	27933.574	27838.992	28087.125
321.40012	321.40036	321.40005	321.39981	321.4007	27667.453	27760.762	27897.143	27933.225	28056.605
321.49963	321.50269	321.50052	321.50009	321.50064	27643.998	27745.129	27871.383	27904.113	28005.84
321.59949	321.6015	321.60278	321.60013	321.60144	27603.799	27631.312	27769.525	27843.184	27913.713
321.69989	321.70346	321.69241	321.69928	321.7005	27605.086	27681.881	27816.699	27755.496	27965.881
321.8002	321.80148	321.80005	321.80038	321.7998	27555.326	27634.521	27763.096	27784.086	27904.971
321.89963	321.89923	321.89938	321.90067	321.90201	27556.596	27649.242	27741.193	27787.607	27796.533
322.004	322.00021	322.00064	321.99991	321.99945	27511.641	27533.607	27655.549	27755.951	27864.67
322.10028	322.09982	322.09976	322.09686	322.10062	27519.629	27601.516	27716.959	27675.342	27836.363
322.20071	322.20181	322.20071	322.2005	322.19992	27487.455	27568.328	27681.938	27721.727	27818.908
322.33289	322.29834	322.29984	322.30096	322.29956	27477.193	27559.91	27660.469	27704.859	27693.6
322.39984	322.40009	322.39929	322.40018	322.39975	27446.514	27478.398	27603.9	27645.92	27780.939
322.50134	322.5004	322.50095	322.50076	322.49945	27433.803	27519.203	27612.402	27604.447	27730.783
322.60004	322.60031	322.60092	322.60034	322.59283	27429.557	27510.277	27605.635	27650.613	27715.473
322.69989	322.69977	322.70035	322.70056	322.69989	27418.129	27494.01	27561.264	27628.459	27599.092
322.80115	322.79993	322.80072	322.80026	322.80121	27383.898	27410.379	27513.883	27541.123	27677.098
322.8992	322.90051	322.89969	322.89975	322.89987	27387.254	27464.188	27545.238	27562.951	27666.012
323.00058	323.00259	322.99942	322.99991	322.99954	27379.217	27446.654	27533.779	27561.877	27644.729
323.10034	323.10031	323.10037	323.10046	323.10019	27367.695	27381.604	27490.486	27556.475	27504.75
323.20236	323.20078	323.20111	323.20096	323.1998	27337.209	27407.307	27493.283	27429.557	27590.75
323.30093	323.30023	323.30072	323.30051	323.30106	27341.596	27402.02	27469.047	27501.039	27570.344
323.40265	323.39969	323.40039	323.40021	323.40033	27344.617	27414.062	27471.68	27480.113	27555.705
323.50064	323.49951	323.49948	323.49997	323.49997	27325.779	27328.402	27377.873	27482.363	27424.58
323.59955	323.60049	323.59915	323.60037	323.60001	27314.744	27364.102	27433.002	27356.984	27516.383
323.69989	323.70126	323.69284	323.69992	323.70026	27293.355	27333.221	27404.25	27435.023	27477.695
323.79993	323.80096	323.7998	323.79941	323.80142	27304.713	27347.186	27407.312	27435.121	27472.154
323.89999	323.89972	323.89941	323.89996	323.90012	27258.664	27255.969	27302.248	27415.068	27330.768
323.99899	324.00043	324.00061	324.00031	324.00027	27256.203	27311.207	27359.555	27268.572	27422.793
324.09427	324.10046	324.10095	324.10028	324.09763	27252.443	27301.287	27352.639	27377.211	27413.807
324.20041	324.19983	324.19949	324.19974	324.2009	27252.355	27290.867	27344.926	27356.703	27404.193
324.30295	324.30032	324.30072	324.30048	324.29996	27232.219	27210.123	27251.842	27343.348	27267.518
324.40137	324.39999	324.40036	324.39832	324.40079	27220.016	27264.971	27302.441	27191.205	27351.285
324.5007	324.50046	324.49478	324.50244	324.49509	27210.211	27250.689	27289.438	27291.223	27330.445
324.60141	324.59991	324.60001	324.60052	324.59875	27208.953	27235.061	27285.396	27290.076	27308.912
324.7012	324.70071	324.69958	324.70142	324.70004	27198.912	27184.266	27199.572	27290.141	27244.469
324.80023	324.8009	324.80002	324.8009	324.80045	27191.428	27226.18	27258.982	27135.537	27290.568
324.89801	324.8963	324.90045	324.90012	324.89984	27182.357	27203.541	27244.963	27232.311	27258.25
324.99844	324.99973	325.00064	324.99551	324.99973	27180.457	27189.621	27232.67	27224.08	27238.836
325.09348	325.09784	325.10013	325.10043	325.09747	27159.51	27132.951	27144.625	27225.266	27157.436
325.19989	325.20197	325.19513	325.2001	325.1998	27160.93	27184.467	27190.865	27092.814	27219.955
325.30002	325.29971	325.30014	325.30005	325.30017	27144.973	27150.1	27164.496	27173.656	27172.586
325.40005	325.39969	325.39999	325.40048	325.39734	27150.932	27148.289	27153.502	27173.465	27144.279
325.50049	325.49948	325.50314	325.50021	325.50052	27108.67	27095.488	27083.135	27137.758	27053.527
325.59964	325.59692	325.60104	325.59451	325.60104	27107.146	27127.619	27128.316	27047.029	27128.496
325.69907	325.7005	325.70007	325.69916	325.7005	27109.021	27120.152	27131.879	27127.316	27119.088
325.80026	325.80026	325.80045	325.8006	325.7998	27102.711	27091.086	27084.234	27103.352	27066.953
325.8963	325.8938	325.90109	325.89999	325.89999	27084.514	27079.941	27059.588	27000.846	27039.781
326.0007	325.99915	326.00064	326.0004	326.00061	27066.578	27081.773	27062.109	27062.131	27061.182
326.09973	326.10086	326.09909	326.09988	326.09973	27078.984	27074.791	27064.537	27083	27075.166
326.19797	326.20065	326.19934	326.20013	326.2001	27042.971	27012.125	26996.955	27020.924	27002.184
326.29968	326.30017	326.30029	326.29993	326.30191	27019.186	27014.197	26983.863	26957.338	26977.301
326.3996	326.40027	326.39954	326.40018	326.40005	26989.379	26998.832	26985.916	26983.15	26982.457
326.50085	326.50073	326.50388	326.50049	326.50073	26982.131	26988.576	26971.721	26982.203	26974.537
326.60025	326.60062	326.60141	326.60071	326.60071	26962.438	26918.998	26915.643	26882.301	26915.152
326.69617	326.70068	326.69934	326.70026	326.69962	26935.383	26942.986	26917.926	26926.023	26884.217
326.80087	326.79968	326.79883	326.79666	326.79926	26909.871	26907.559	26911.393	26907.24	26882.168
326.8992	326.90018	326.9003	326.90356	326.90012	26894.252	26895.514	26887.547	26893.404	26876.855
326.99985	326.9996	326.99847	326.99991	326.99924	26866.627	26816.078	26813.906	26757.996	26788.322
327.10028	327.10101	327.10022	327.10123	327.09979	26856.98	26865.379	26837.066	26842.082	26798.41
327.20071	327.2001	327.20029	327.19955	327.20261	26830.42	26823.795	26805.4	26823.861	26796.203
327.30038	327.30075	327.30051	327.30084	327.30084	26826.291	26818.98	26811.729	26828.047	26799.135
327.40042	327.40005	327.40009	327.40131	327.40131	26787.006	26722.121	26706	26675.947	26697.305
327.49802	327.5025	327.49854	327.4957	327.50018	26764.717	26757.49	26738.559	26775.486	26731.57
327.60031	327.59979	327.60007	327.60059	327.6033	26728.422	26738.92	26725.451	26737.889	26714.889
327.69925	327.7002	327.69958	327.70084	327.70056	26723.096	26713.678	26707.305	26731.215	26699.77
327.80051	327.8002	327.7966	327.80106	327.79944	26685.275	26639.045	26628.275	26599.855	26608.73
327.90103	327.89972	327.89981	327.89938	327.89975	26675.789	26671.947	26651.26	26667.344	26629.773
327.99905	327.99683	327.99982	328.00006	328.00012	26655.369	26642.588	26649.377	26646.043	26628.371
328.09955	328.10074	328.10031	328.09979	328.09714	26627.402	26608.994	26610.898	26611.15	26614.605
328.19916	328.20264	328.19974	328.20007	328.19919	26575.115	26517.873	26510.453	26480.662	26489.119
328.2999	328.30121	328.29974	328.29987	328.29965	26559.555	26557.955	26541.99	26559.844	26521.498
328.40024	328.40143	328.40012	328.40082	328.4006	26513.238	26516.203	26505.021	26518.299	26502.938
328.50027	328.4996	328.49939	328.50003	328.49078	26491.615	26495.652	26484.67	26516.406	26489.639
328.58716	328.6001	328.60086	328.59924	328.60092	26443.838	26455.359	26378.307	26385.684	26354.004
328.69608	328.69998	328.69815	328.69977	328.70053	26412.461	26438.07	26414.191	26461.512	26414.113
328.80219	328.80002	328.79877	328.79987	328.80188	26390.572	26416.684	26393.473	26419.869	26382.066
328.89813	328.90024	328.90033	328.89999	328.90063	26358.674	26355.982	26368.857	26404.945	26365.172
328.99966	329.00021	329.0004	329.00067	329.00067	26320.082	26341.283	26286.092	26264.787	26244.355
329.09988	329.10156	329.10028	329.10095	329.10162	26284.902	26311.832	26302.834	26327.969	26310.166
329.20038	329.20007	329.20026	329.19977	329.20096	26267.441	26288.973	26273.512	26310.787	26295.809
329.30087	329.29861	329.30069	329.30075	329.30002	26222.398	26200.654	26192.873	26273.154	26260.045
329.40012	329.40009	329.39865	329.39963	329.39709	26175.9	26182.434	26154.656	26160.904	26141.34
329.5004	329.50046	329.49991	329.50006	329.50006	26140.24	26160.736	26133.754	26197.133	26176.787
329.60049	329.60074	329.59964	329.60013	329.6001	26112.523	26126.25	26121.834	26172.861	26147.197
329.70074	329.69937	329.69928	329.69952	329.70013	26064.219	26034.955	26051.764	26135.473	26121.641
329.79996	329.79987	329.80051	329.80042	329.79932	26017.025	26039.551	26014.066	26013.932	25987.664
329.8999	330.00043	329.89813	329.99991	330	25993.439	25977.344	26020.551	26038.006	26022.578
